9.937833547592163086e-01 -4.501719377003610134e-04 1.113335564732551575e-01 -3.976803779602050781e+00 -3.283069003373384476e-03 9.994387030601501465e-01 3.334565088152885437e-02 -3.713100433349609375e+00 -1.112860068678855896e-01 -3.350378200411796570e-02 9.932235479354858398e-01 -2.664355278015136719e+00
9.969469308853149414e-01 -8.326037786900997162e-03 -7.763869315385818481e-02 -2.437007904052734375e+00 7.697631604969501495e-03 9.999352693557739258e-01 -8.390638045966625214e-03 4.046349048614501953e+00 7.770351320505142212e-02 7.767392322421073914e-03 9.969463348388671875e-01 -7.186692953109741211e-01
9.927774667739868164e-01 5.908032134175300598e-02 -1.044074669480323792e-01 2.460076570510864258e+00 -6.660064309835433960e-02 9.953156709671020508e-01 -7.007012516260147095e-02 -2.144269943237304688e+00 9.977871924638748169e-02 7.651773095130920410e-02 9.920630455017089844e-01 3.381073951721191406e+00
9.998639225959777832e-01 1.059716008603572845e-02 -1.268114894628524780e-02 -7.558850049972534180e-01 -9.482145309448242188e-03 9.963402152061462402e-01 8.495429158210754395e-02 6.308698654174804688e-01 1.353501062840223312e-02 -8.482236415147781372e-02 9.963040947914123535e-01 -1.800576567649841309e+00
9.936686158180236816e-01 -4.845475032925605774e-02 -1.013681739568710327e-01 1.125852823257446289e+00 4.651319608092308044e-02 9.986876845359802246e-01 -2.143105678260326385e-02 -2.068989753723144531e+00 1.022735387086868286e-01 1.658044196665287018e-02 9.946178793907165527e-01 -4.382729053497314453e+00
9.987366795539855957e-01 -4.988000914454460144e-02 -6.118696648627519608e-03 -2.466481685638427734e+00 5.014682561159133911e-02 9.971383810043334961e-01 5.657676979899406433e-02 -1.831807017326354980e+00 3.279139287769794464e-03 -5.681206658482551575e-02 9.983794093132019043e-01 -1.553381204605102539e+00
9.946461915969848633e-01 8.076078444719314575e-02 -6.447026133537292480e-02 1.100205779075622559e+00 -8.262266963720321655e-02 9.962219595909118652e-01 -2.675051800906658173e-02 2.857887029647827148e+00 6.206627190113067627e-02 3.193404898047447205e-02 9.975612163543701172e-01 -3.580410242080688477e+00
9.976815581321716309e-01 -6.748761981725692749e-02 8.790572173893451691e-03 -3.364945411682128906e+00 6.787521392107009888e-02 9.961246252059936523e-01 -5.593504384160041809e-02 -4.802745580673217773e-01 -4.981581121683120728e-03 5.640201643109321594e-02 9.983955621719360352e-01 2.840527057647705078e+00
9.961363673210144043e-01 6.810761243104934692e-02 5.544549226760864258e-02 -4.214661121368408203e+00 -6.689291447401046753e-02 9.974842667579650879e-01 -2.347999066114425659e-02 2.534863471984863281e+00 -5.690514668822288513e-02 1.968040317296981812e-02 9.981856346130371094e-01 3.864206314086914062e+00
9.959555864334106445e-01 -8.284451067447662354e-02 -3.477435931563377380e-02 3.586994409561157227e-01 8.555718511343002319e-02 9.926524758338928223e-01 8.556450158357620239e-02 5.146708965301513672e+00 2.743029221892356873e-02 -8.819361031055450439e-02 9.957255721092224121e-01 1.817709207534790039e+00
9.990983605384826660e-01 -9.731234982609748840e-03 4.133122041821479797e-02 -4.324808716773986816e-02 1.261897385120391846e-02 9.974537491798400879e-01 -7.018689066171646118e-02 3.276326179504394531e+00 -4.054297506809234619e-02 7.064516842365264893e-02 9.966770410537719727e-01 2.184640884399414062e+00
9.999674558639526367e-01 -5.572663154453039169e-03 -5.815841723233461380e-03 -2.060722827911376953e+00 5.596662871539592743e-03 9.999757409095764160e-01 4.083134233951568604e-03 -4.831361770629882812e+00 5.792950745671987534e-03 -4.115549847483634949e-03 9.999746680259704590e-01 -2.885783314704895020e-01
9.999048709869384766e-01 -3.842174308374524117e-03 1.325682736933231354e-02 -3.883343696594238281e+00 3.466037102043628693e-03 9.995945692062377930e-01 2.827308140695095062e-02 -1.832770556211471558e-01 -1.336006633937358856e-02 -2.822439745068550110e-02 9.995122551918029785e-01 -3.517637968063354492e+00
9.999546408653259277e-01 6.348755676299333572e-03 7.011966314166784286e-03 1.531659245491027832e+00 -6.585353985428810120e-03 9.993903040885925293e-01 3.426930680871009827e-02 2.108963489532470703e+00 -6.790133658796548843e-03 -3.431397676467895508e-02 9.993878602981567383e-01 2.215839549899101257e-02
9.993754029273986816e-01 -3.010063432157039642e-02 -1.854990981519222260e-02 3.861273765563964844e+00 3.034107945859432220e-02 9.994581937789916992e-01 1.282397098839282990e-02 -3.022304058074951172e+00 1.815383695065975189e-02 -1.337873749434947968e-02 9.997459650039672852e-01 3.360141038894653320e+00
9.923154115676879883e-01 -9.201763570308685303e-02 -8.271735161542892456e-02 -4.717355728149414062e+00 8.314283937215805054e-02 9.909915328025817871e-01 -1.049900427460670471e-01 2.029195547103881836e+00 9.163317084312438965e-02 9.730595350265502930e-02 9.910272955894470215e-01 -4.807694911956787109e+00
9.992938637733459473e-01 -3.512528538703918457e-02 -1.334620267152786255e-02 -2.545438528060913086e+00 3.490126878023147583e-02 9.992522597312927246e-01 -1.664398610591888428e-02 2.739948987960815430e+00 1.392083149403333664e-02 1.616644673049449921e-02 9.997725486755371094e-01 3.195668220520019531e+00
9.996877312660217285e-01 -1.974151842296123505e-02 1.536520756781101227e-02 1.071483135223388672e+00 1.887319050729274750e-02 9.983224272727966309e-01 5.473162978887557983e-02 -6.377713084220886230e-01 -1.641990058124065399e-02 -5.442452803254127502e-02 9.983829259872436523e-01 -3.956023454666137695e+00
9.942989349365234375e-01 -8.641293644905090332e-02 6.246654689311981201e-02 -2.195080757141113281e+00 8.786725997924804688e-02 9.959124922752380371e-01 -2.091669663786888123e-02 -2.198403120040893555e+00 -6.040376797318458557e-02 2.628620527684688568e-02 9.978278279304504395e-01 -3.966864585876464844e+00
9.962415695190429688e-01 -8.460356295108795166e-02 1.859114319086074829e-02 4.422976493835449219e+00 8.389803022146224976e-02 9.958266019821166992e-01 3.592402487993240356e-02 1.617411851882934570e+00 -2.155284769833087921e-02 -3.422922641038894653e-02 9.991815090179443359e-01 5.760547518730163574e-01
9.986451864242553711e-01 -4.598508402705192566e-02 2.435414493083953857e-02 -1.207783222198486328e+00 4.766345396637916565e-02 9.961537718772888184e-01 -7.352248579263687134e-02 4.558061599731445312e+00 -2.087952941656112671e-02 7.458366453647613525e-02 9.969961643218994141e-01 2.009401559829711914e+00
9.993665814399719238e-01 -5.179611034691333771e-03 3.520560264587402344e-02 6.616197824478149414e-01 7.677062880247831345e-03 9.974340200424194336e-01 -7.117979228496551514e-02 -1.007564663887023926e+00 -3.474658355116844177e-02 7.140499353408813477e-02 9.968419075012207031e-01 5.734679102897644043e-02
9.898097515106201172e-01 -9.697828441858291626e-02 -1.042687222361564636e-01 -2.938881158828735352e+00 9.087596088647842407e-02 9.939449429512023926e-01 -6.177293509244918823e-02 -1.767764091491699219e+00 1.096279174089431763e-01 5.166793242096900940e-02 9.926288723945617676e-01 -4.868277013301849365e-01
9.993045926094055176e-01 -3.581698238849639893e-02 -1.038654148578643799e-02 3.806219339370727539e+00 3.601008653640747070e-02 9.991708397865295410e-01 1.901622861623764038e-02 -3.857572555541992188e+00 9.696814231574535370e-03 -1.937699876725673676e-02 9.997651576995849609e-01 -2.578463792800903320e+00
9.979644417762756348e-01 -6.106299534440040588e-02 -1.839142292737960815e-02 -4.500266611576080322e-01 6.100051477551460266e-02 9.981302022933959961e-01 -3.938077948987483978e-03 -3.562865257263183594e-01 1.859750226140022278e-02 2.808184130117297173e-03 9.998230934143066406e-01 -3.202167272567749023e+00
9.996030330657958984e-01 -5.695799365639686584e-03 -2.758439444005489349e-02 4.708504199981689453e+00 4.301446024328470230e-03 9.987218976020812988e-01 -5.035600811243057251e-02 1.000789761543273926e+00 2.783595770597457886e-02 5.021723732352256775e-02 9.983502030372619629e-01 -3.500483632087707520e-01
9.981517195701599121e-01 -6.041664630174636841e-02 -6.618509069085121155e-03 2.178692817687988281e+00 6.035543605685234070e-02 9.981355071067810059e-01 -9.089455008506774902e-03 -3.144173383712768555e+00 7.155312225222587585e-03 8.673204109072685242e-03 9.999368786811828613e-01 -4.280541837215423584e-01
9.994074106216430664e-01 -3.141655027866363525e-02 -1.408479455858469009e-02 2.175103902816772461e+00 3.151373192667961121e-02 9.994812607765197754e-01 6.731115281581878662e-03 -2.739133596420288086e+00 1.386600453406572342e-02 -7.170955184847116470e-03 9.998780488967895508e-01 -1.895159006118774414e+00
9.927666783332824707e-01 -9.304371476173400879e-02 -7.587922364473342896e-02 3.685175180435180664e+00 8.817230165004730225e-02 9.939684867858886719e-01 -6.521157920360565186e-02 -2.703364610671997070e+00 8.148908615112304688e-02 5.804950371384620667e-02 9.949823021888732910e-01 2.974704027175903320e+00
9.976288080215454102e-01 -6.664387881755828857e-02 1.718037389218807220e-02 4.493139982223510742e-01 6.641127914190292358e-02 9.976978302001953125e-01 1.376554835587739944e-02 2.711861610412597656e+00 -1.805820688605308533e-02 -1.259196270257234573e-02 9.997577071189880371e-01 4.323696136474609375e+00
9.922239780426025391e-01 -1.221729964017868042e-01 2.377347275614738464e-02 -1.754249811172485352e+00 1.222809478640556335e-01 9.924906492233276367e-01 -3.132135141640901566e-03 7.258765101432800293e-01 -2.321229130029678345e-02 6.014856044203042984e-03 9.997124075889587402e-01 -2.313496351242065430e+00
9.987678527832031250e-01 -4.314277321100234985e-02 -2.451293170452117920e-02 -5.007315635681152344e+00 4.530443996191024780e-02 9.943667650222778320e-01 9.582615643739700317e-02 3.437651872634887695e+00 2.024065144360065460e-02 -9.681860357522964478e-02 9.950962662696838379e-01 -1.836561441421508789e+00
9.928787350654602051e-01 -5.575280264019966125e-02 1.052780672907829285e-01 -1.274760365486145020e+00 4.209247231483459473e-02 9.909092783927917480e-01 1.277830749750137329e-01 9.140288829803466797e-01 -1.114451959729194641e-01 -1.224416047334671021e-01 9.861988425254821777e-01 4.783447265625000000e+00
9.999094605445861816e-01 1.330491062253713608e-02 2.253219950944185257e-03 -1.195749878883361816e+00 -1.327847875654697418e-02 9.998475313186645508e-01 -1.134992018342018127e-02 2.498759984970092773e+00 -2.403896069154143333e-03 1.131897605955600739e-02 9.999330639839172363e-01 -4.362287521362304688e+00
9.960976243019104004e-01 -3.609704971313476562e-02 8.054044097661972046e-02 1.961592555046081543e+00 3.109531477093696594e-02 9.975597858428955078e-01 6.251248717308044434e-02 3.514416933059692383e+00 -8.260041475296020508e-02 -5.976407974958419800e-02 9.947891235351562500e-01 5.638644099235534668e-01
9.935888648033142090e-01 -1.040656194090843201e-01 -4.417910054326057434e-02 1.617899417877197266e+00 1.021937876939773560e-01 9.938476085662841797e-01 -4.270757362246513367e-02 -8.596811294555664062e-01 4.835167899727821350e-02 3.791894391179084778e-02 9.981103539466857910e-01 4.527950286865234375e+00
9.866838455200195312e-01 -3.184173954650759697e-03 1.626172959804534912e-01 -2.401946306228637695e+00 2.109891735017299652e-03 9.999745488166809082e-01 6.778636481612920761e-03 -3.420818805694580078e+00 -1.626347899436950684e-01 -6.345240399241447449e-03 9.866657853126525879e-01 2.950755357742309570e+00
9.987274408340454102e-01 -5.010682344436645508e-02 -5.671232938766479492e-03 9.278515577316284180e-01 4.987747594714164734e-02 9.981365799903869629e-01 -3.516638651490211487e-02 1.944233298301696777e+00 7.422731257975101471e-03 3.483873605728149414e-02 9.993653893470764160e-01 5.309926867485046387e-01
9.996641874313354492e-01 -2.329136431217193604e-02 1.134797744452953339e-02 4.647562980651855469e+00 2.281494997441768646e-02 9.989217519760131836e-01 4.043916612863540649e-02 -3.403121232986450195e+00 -1.227761618793010712e-02 -4.016669839620590210e-02 9.991176128387451172e-01 4.343783557415008545e-01
9.901070594787597656e-01 9.012004733085632324e-02 1.075479909777641296e-01 -1.592794299125671387e+00 -9.801802784204483032e-02 9.926809072494506836e-01 7.055393606424331665e-02 -2.940307855606079102e+00 -1.004025042057037354e-01 -8.039751648902893066e-02 9.916933774948120117e-01 -3.686354637145996094e+00
9.890058636665344238e-01 1.183132156729698181e-01 -8.870787918567657471e-02 -8.409690856933593750e-01 -1.178654357790946960e-01 9.929763078689575195e-01 1.028808578848838806e-02 2.910572528839111328e+00 8.930205553770065308e-02 2.806073171086609364e-04 9.960045218467712402e-01 -8.873448967933654785e-01
9.994744658470153809e-01 2.852224372327327728e-02 -1.539821177721023560e-02 3.826661348342895508e+00 -2.779697813093662262e-02 9.985810518264770508e-01 4.541920125484466553e-02 4.698157787322998047e+00 1.667181029915809631e-02 -4.496728256344795227e-02 9.988492131233215332e-01 -2.130281448364257812e+00
9.991284608840942383e-01 2.249010838568210602e-02 3.516905009746551514e-02 3.544259071350097656e+00 -2.227009087800979614e-02 9.997296333312988281e-01 -6.636719219386577606e-03 -4.537949085235595703e+00 -3.530880808830261230e-02 5.847674328833818436e-03 9.993591308593750000e-01 -3.252347230911254883e+00
9.917086958885192871e-01 2.359222806990146637e-02 1.263238638639450073e-01 -3.774739265441894531e+00 -1.157715450972318649e-02 9.954077601432800293e-01 -9.501586109399795532e-02 -7.915482521057128906e-01 -1.279854476451873779e-01 9.276557713747024536e-02 9.874279499053955078e-01 -1.795941114425659180e+00
9.966872334480285645e-01 5.275008454918861389e-02 -6.190219521522521973e-02 -2.296227931976318359e+00 -5.211515352129936218e-02 9.985719919204711914e-01 1.182730402797460556e-02 4.703173160552978516e+00 6.243760138750076294e-02 -8.561973460018634796e-03 9.980121254920959473e-01 2.227326631546020508e+00
9.989537596702575684e-01 -3.678034991025924683e-02 2.717508934438228607e-02 -1.918708801269531250e+00 3.614650666713714600e-02 9.990713596343994141e-01 2.345848083496093750e-02 -3.386435985565185547e+00 -2.801265567541122437e-02 -2.245157584547996521e-02 9.993553757667541504e-01 -2.481428623199462891e+00
9.989351034164428711e-01 -3.799319267272949219e-02 -2.617605775594711304e-02 -1.373434662818908691e+00 3.833611309528350830e-02 9.991836547851562500e-01 1.272759214043617249e-02 -1.116871118545532227e+00 2.567112818360328674e-02 -1.371756847947835922e-02 9.995763301849365234e-01 3.854346752166748047e+00
9.994643330574035645e-01 1.236585248261690140e-02 -3.030369058251380920e-02 2.223069667816162109e+00 -1.255834754556417465e-02 9.999022483825683594e-01 -6.167432293295860291e-03 -4.423725605010986328e+00 3.022447787225246429e-02 6.544745527207851410e-03 9.995217919349670410e-01 1.650363445281982422e+00
9.937837123870849609e-01 1.097515150904655457e-01 1.866726018488407135e-02 -4.790219306945800781e+00 -1.105422601103782654e-01 9.926840066909790039e-01 4.856365919113159180e-02 -1.961939096450805664e+00 -1.320075988769531250e-02 -5.032530799508094788e-02 9.986457824707031250e-01 -4.924276351928710938e+00
9.948465824127197266e-01 -6.014800816774368286e-02 -8.162565529346466064e-02 -4.548521041870117188e+00 5.879968032240867615e-02 9.980926513671875000e-01 -1.882487162947654724e-02 7.615190744400024414e-01 8.260219544172286987e-02 1.392838172614574432e-02 9.964852333068847656e-01 4.732828140258789062e+00
9.998520016670227051e-01 1.689038053154945374e-02 -3.298924304544925690e-03 2.731290817260742188e+00 -1.717201434075832367e-02 9.917962551116943359e-01 -1.266721636056900024e-01 -4.679311752319335938e+00 1.132328063249588013e-03 1.267099082469940186e-01 9.919393658638000488e-01 -2.624688744544982910e-01
9.994038343429565430e-01 -2.053558267652988434e-02 -2.774343639612197876e-02 -5.414702415466308594e+00 2.067751251161098480e-02 9.997739791870117188e-01 4.842846654355525970e-03 4.370365142822265625e+00 2.763775363564491272e-02 -5.413637496531009674e-03 9.996033310890197754e-01 -1.428322076797485352e+00
9.981994032859802246e-01 4.283739998936653137e-02 -4.199041798710823059e-02 -1.945999860763549805e+00 -4.066744819283485413e-02 9.978581666946411133e-01 5.123532935976982117e-02 -4.593439102172851562e+00 4.409529268741607666e-02 -4.943555593490600586e-02 9.978035688400268555e-01 -3.349995613098144531e+00
9.939946532249450684e-01 -7.478433847427368164e-02 7.988835871219635010e-02 2.780663967132568359e+00 6.519329547882080078e-02 9.910405278205871582e-01 1.165707185864448547e-01 2.116362094879150391e+00 -8.789025992155075073e-02 -1.106624677777290344e-01 9.899643659591674805e-01 -3.403903245925903320e-01
9.952900409698486328e-01 -4.889993742108345032e-02 8.369802683591842651e-02 -5.397287845611572266e+00 5.190072581171989441e-02 9.980707764625549316e-01 -3.405575826764106750e-02 -2.467253684997558594e+00 -8.187127858400344849e-02 3.823944553732872009e-02 9.959088563919067383e-01 -4.337269783020019531e+00
9.969170093536376953e-01 3.562648594379425049e-02 -6.990889459848403931e-02 2.150623798370361328e+00 -3.139625489711761475e-02 9.976621866226196289e-01 6.070376932621002197e-02 6.281256079673767090e-01 7.190810889005661011e-02 -5.832175165414810181e-02 9.957046508789062500e-01 3.225890874862670898e+00
9.986736178398132324e-01 -1.933544501662254333e-02 4.771005362272262573e-02 4.346144676208496094e+00 2.283890731632709503e-02 9.969952702522277832e-01 -7.401386648416519165e-02 1.989125609397888184e-01 -4.613563045859336853e-02 7.500535249710083008e-02 9.961152076721191406e-01 -2.374145746231079102e+00
9.993954896926879883e-01 2.519068308174610138e-02 2.398096583783626556e-02 -4.765628337860107422e+00 -2.560755610466003418e-02 9.995238780975341797e-01 1.723832264542579651e-02 3.101152420043945312e+00 -2.353530563414096832e-02 -1.784205064177513123e-02 9.995636343955993652e-01 -4.246119499206542969e+00
9.999817609786987305e-01 2.486520679667592049e-03 5.450922530144453049e-03 -4.141644001007080078e+00 -2.581064356490969658e-03 9.998456239700317383e-01 1.738367602229118347e-02 -3.783337354660034180e+00 -5.406845360994338989e-03 -1.739744096994400024e-02 9.998340606689453125e-01 -4.476818561553955078e+00
9.896870851516723633e-01 1.097481846809387207e-01 9.205617755651473999e-02 -3.382207870483398438e+00 -1.012367829680442810e-01 9.905492067337036133e-01 -9.253326058387756348e-02 -5.326144695281982422e-01 -1.013415679335594177e-01 8.225936442613601685e-02 9.914450049400329590e-01 2.224917888641357422e+00
9.998547434806823730e-01 9.119790047407150269e-03 -1.436767075210809708e-02 -5.110557079315185547e+00 -8.796524256467819214e-03 9.997096657752990723e-01 2.240911312401294708e-02 2.828176021575927734e+00 1.456787809729576111e-02 -2.227948606014251709e-02 9.996455311775207520e-01 -3.874877929687500000e+00
9.999983906745910645e-01 1.994646620005369186e-03 -2.105496823787689209e-04 3.496291160583496094e+00 -1.994659891352057457e-03 9.999981522560119629e-01 -2.433722838759422302e-04 -7.550607919692993164e-01 2.100514248013496399e-04 2.437350340187549591e-04 9.999998807907104492e-01 4.197513103485107422e+00
9.941158890724182129e-01 8.869477361440658569e-02 6.219223886728286743e-02 3.474060058593750000e+00 -9.089378267526626587e-02 9.952988624572753906e-01 3.346165269613265991e-02 2.732496023178100586e+00 -5.893197283148765564e-02 -3.891732543706893921e-02 9.975032806396484375e-01 -4.927077770233154297e+00
9.998252987861633301e-01 1.359062269330024719e-02 -1.283085718750953674e-02 3.026124238967895508e+00 -1.355841290205717087e-02 9.999051690101623535e-01 2.601174637675285339e-03 8.177149295806884766e-01 1.286500506103038788e-02 -2.426782622933387756e-03 9.999144673347473145e-01 3.808315277099609375e+00
9.961761236190795898e-01 -5.226231180131435394e-03 -8.721192181110382080e-02 2.336106538772583008e+00 -3.611533902585506439e-03 9.948926568031311035e-01 -1.008716523647308350e-01 -9.360694885253906250e-02 8.729371428489685059e-02 1.008008047938346863e-01 9.910697937011718750e-01 1.754159927368164062e+00
9.999184012413024902e-01 5.498311482369899750e-03 -1.154487300664186478e-02 3.035541057586669922e+00 -5.651411134749650955e-03 9.998962879180908203e-01 -1.327375229448080063e-02 -4.517470836639404297e+00 1.147067081183195114e-02 1.333821658045053482e-02 9.998453259468078613e-01 3.709452450275421143e-01
9.972869753837585449e-01 -2.952715940773487091e-02 -6.742949783802032471e-02 4.020086288452148438e+00 2.495126426219940186e-02 9.973924160003662109e-01 -6.772526353597640991e-02 -2.882965564727783203e+00 6.925337016582489014e-02 6.585907191038131714e-02 9.954227805137634277e-01 2.452872037887573242e+00
9.939296245574951172e-01 -2.447191067039966583e-02 1.072628423571586609e-01 -4.451728820800781250e+00 3.547274321317672729e-02 9.941639900207519531e-01 -1.018841490149497986e-01 -3.925259828567504883e+00 -1.041434928774833679e-01 1.050704941153526306e-01 9.889966249465942383e-01 -3.625593185424804688e+00
9.999300837516784668e-01 -1.163268089294433594e-02 2.104956656694412231e-03 -4.000146865844726562e+00 1.167929079383611679e-02 9.996527433395385742e-01 -2.361266128718852997e-02 -2.355021476745605469e+00 -1.829551532864570618e-03 2.363554760813713074e-02 9.997189640998840332e-01 -4.804937839508056641e+00
9.938395619392395020e-01 1.095402389764785767e-01 -1.687569171190261841e-02 2.219065189361572266e+00 -1.083425283432006836e-01 9.922777414321899414e-01 6.039359048008918762e-02 -7.930818200111389160e-01 2.336087077856063843e-02 -5.819322168827056885e-02 9.980319738388061523e-01 -3.273134946823120117e+00
9.998560547828674316e-01 -9.224974550306797028e-03 1.423331443220376968e-02 3.092002153396606445e+00 1.066046953201293945e-02 9.944865107536315918e-01 -1.043233051896095276e-01 4.545726776123046875e-01 -1.319246366620063782e-02 1.044600009918212891e-01 9.944416284561157227e-01 -3.694107532501220703e+00
9.948173165321350098e-01 -2.780897915363311768e-02 9.780066460371017456e-02 -5.149563789367675781e+00 3.633351996541023254e-02 9.955903887748718262e-01 -8.649029582738876343e-02 2.094593524932861328e+00 -9.496415406465530396e-02 8.959547430276870728e-02 9.914406538009643555e-01 3.561968803405761719e+00
9.965533018112182617e-01 -4.887042567133903503e-02 6.703306734561920166e-02 -2.866656780242919922e+00 4.949883744120597839e-02 9.987444281578063965e-01 -7.743938360363245010e-03 -2.766984701156616211e+00 -6.657042354345321655e-02 1.103530079126358032e-02 9.977205991744995117e-01 4.378051757812500000e+00
9.978256821632385254e-01 -5.879807285964488983e-03 -6.564518809318542480e-02 2.596751689910888672e+00 2.445878926664590836e-03 9.986301660537719727e-01 -5.226853117346763611e-02 -1.598997950553894043e+00 6.586255878210067749e-02 5.199429392814636230e-02 9.964730739593505859e-01 5.183129310607910156e+00
9.994731545448303223e-01 3.240921720862388611e-02 1.765717053785920143e-03 -4.052089214324951172e+00 -3.245292603969573975e-02 9.969804883003234863e-01 7.054715603590011597e-02 2.367932319641113281e+00 5.259845056571066380e-04 -7.056729495525360107e-02 9.975068569183349609e-01 -2.881312608718872070e+00
9.977154135704040527e-01 -6.723614782094955444e-02 -6.631317548453807831e-03 -4.658218383789062500e+00 6.755704432725906372e-02 9.940583109855651855e-01 8.534807711839675903e-02 -1.067785978317260742e+00 8.534342050552368164e-04 -8.560105413198471069e-02 9.963293075561523438e-01 -8.289284110069274902e-01
9.999634623527526855e-01 7.792057935148477554e-03 -3.532872069627046585e-03 -1.940890550613403320e-01 -7.772674318403005600e-03 9.999551773071289062e-01 5.420864559710025787e-03 3.097287416458129883e+00 3.574960865080356598e-03 -5.393163301050662994e-03 9.999790787696838379e-01 2.689468383789062500e+00
9.978879094123840332e-01 6.333461403846740723e-02 1.445631030946969986e-02 8.160060048103332520e-01 -6.069983541965484619e-02 9.883064031600952148e-01 -1.398821622133255005e-01 2.272997379302978516e+00 -2.314664423465728760e-02 1.387091279029846191e-01 9.900626540184020996e-01 2.198216915130615234e+00
9.997205138206481934e-01 -2.362469211220741272e-02 -9.985039941966533661e-04 3.986511707305908203e+00 2.362301573157310486e-02 9.997194409370422363e-01 -1.727851922623813152e-03 5.409637928009033203e+00 1.039037015289068222e-03 1.703728688880801201e-03 9.999980926513671875e-01 -2.529981613159179688e+00
9.983948469161987305e-01 -5.401292070746421814e-02 -1.702477969229221344e-02 -1.594818592071533203e+00 5.422149971127510071e-02 9.984563589096069336e-01 1.203994918614625931e-02 2.042298316955566406e-01 1.634818874299526215e-02 -1.294372603297233582e-02 9.997826218605041504e-01 5.140340328216552734e+00
9.999806880950927734e-01 6.249954923987388611e-03 6.407825276255607605e-04 2.652829408645629883e+00 -6.131452042609453201e-03 9.930738806724548340e-01 -1.173314973711967468e-01 1.324464321136474609e+00 -1.369636971503496170e-03 1.173252984881401062e-01 9.930927753448486328e-01 1.170102000236511230e+00
9.933726191520690918e-01 -1.148392558097839355e-01 4.830353893339633942e-03 -7.357420325279235840e-01 1.133418008685112000e-01 9.856734871864318848e-01 1.249014660716056824e-01 -4.166277885437011719e+00 -1.910471916198730469e-02 -1.235262453556060791e-01 9.921573400497436523e-01 6.686356544494628906e+00
9.915387630462646484e-01 -6.977143883705139160e-02 1.094652488827705383e-01 4.042354583740234375e+00 7.447671145200729370e-02 9.964401125907897949e-01 -3.949559107422828674e-02 -3.832551479339599609e+00 -1.063199043273925781e-01 4.731407761573791504e-02 9.932056665420532227e-01 -3.386716365814208984e+00
9.979939460754394531e-01 -5.282077938318252563e-02 3.489861264824867249e-02 2.798139810562133789e+00 5.319727212190628052e-02 9.985339641571044922e-01 -9.944749996066093445e-03 -1.017184376716613770e+00 -3.432217985391616821e-02 1.178134977817535400e-02 9.993413686752319336e-01 4.835566043853759766e+00
9.999453425407409668e-01 -1.990282675251364708e-03 1.028007734566926956e-02 -4.219590187072753906e+00 1.795239513739943504e-03 9.998189210891723633e-01 1.895414665341377258e-02 -1.737224698066711426e+00 -1.031593885272741318e-02 -1.893465965986251831e-02 9.997675418853759766e-01 4.693178653717041016e+00
9.952439069747924805e-01 -2.519276738166809082e-02 -9.410118311643600464e-02 -1.884926557540893555e+00 1.499309949576854706e-02 9.940848350524902344e-01 -1.075666472315788269e-01 -7.800985574722290039e-01 9.625445306301116943e-02 1.056441813707351685e-01 9.897345900535583496e-01 7.633210420608520508e-01
9.984618425369262695e-01 3.265060484409332275e-02 4.479765892028808594e-02 -1.285939931869506836e+00 -3.457548096776008606e-02 9.984812736511230469e-01 4.288049414753913879e-02 1.009410142898559570e+00 -4.332961514592170715e-02 -4.436348378658294678e-02 9.980753660202026367e-01 4.793913841247558594e+00
9.999516606330871582e-01 -8.205659687519073486e-03 5.359745584428310394e-03 2.840067386627197266e+00 8.276440203189849854e-03 9.998776912689208984e-01 -1.329088583588600159e-02 2.308194637298583984e-01 -5.250039510428905487e-03 1.333457231521606445e-02 9.998971819877624512e-01 4.442506790161132812e+00
9.941239953041076660e-01 -1.485599949955940247e-02 -1.072242558002471924e-01 -4.355690002441406250e+00 4.670126829296350479e-03 9.955022335052490234e-01 -9.462895989418029785e-02 2.087263345718383789e+00 1.081477552652359009e-01 9.357205778360366821e-02 9.897215366363525391e-01 -9.217211008071899414e-01
9.988690018653869629e-01 3.771821409463882446e-02 2.895263582468032837e-02 -1.725033283233642578e+00 -3.857358172535896301e-02 9.988179206848144531e-01 2.957301400601863861e-02 -7.685560584068298340e-01 -2.780296653509140015e-02 -3.065635636448860168e-02 9.991433620452880859e-01 7.193171501159667969e+00
9.907800555229187012e-01 -3.362997621297836304e-02 1.312386095523834229e-01 -2.097790479660034180e+00 4.508539289236068726e-02 9.953333139419555664e-01 -8.531533181667327881e-02 2.234323740005493164e+00 -1.277570277452468872e-01 9.044571965932846069e-02 9.876726865768432617e-01 6.524082183837890625e+00
9.999135732650756836e-01 -8.428674773313105106e-04 1.313669420778751373e-02 -4.853408813476562500e+00 8.089756593108177185e-04 9.999964833259582520e-01 2.599194645881652832e-03 -1.638680338859558105e+00 -1.313882134854793549e-02 -2.588342875242233276e-03 9.999103546142578125e-01 -6.681878566741943359e-01
9.997398853302001953e-01 -3.057387191802263260e-03 -2.260158024728298187e-02 -1.633108258247375488e+00 2.453122287988662720e-03 9.996407628059387207e-01 -2.670949883759021759e-02 4.061340093612670898e-01 2.267510443925857544e-02 2.664706483483314514e-02 9.993876218795776367e-01 6.439812183380126953e+00
9.994125962257385254e-01 2.584926597774028778e-02 2.248772978782653809e-02 -2.405141830444335938e+00 -2.566378191113471985e-02 9.996347427368164062e-01 -8.505583740770816803e-03 3.295236110687255859e+00 -2.269936725497245789e-02 7.923406548798084259e-03 9.997110366821289062e-01 4.095845222473144531e+00
9.975464940071105957e-01 -6.927239149808883667e-02 -1.010525133460760117e-02 -1.963441371917724609e+00 6.751591712236404419e-02 9.901480078697204590e-01 -1.226729676127433777e-01 7.398225069046020508e-01 1.850353740155696869e-02 1.216897442936897278e-01 9.923958182334899902e-01 4.220581054687500000e+00
9.998587369918823242e-01 1.309473067522048950e-03 -1.675298064947128296e-02 -7.473292350769042969e-01 -2.395648509263992310e-03 9.978847503662109375e-01 -6.497260183095932007e-02 -1.108864903450012207e+00 1.663243956863880157e-02 6.500347703695297241e-02 9.977464675903320312e-01 -6.650526523590087891e-01
9.951191544532775879e-01 -6.678353250026702881e-02 7.264023274183273315e-02 2.019475221633911133e+00 6.201498582959175110e-02 9.958881735801696777e-01 6.603047996759414673e-02 1.695839285850524902e+00 -7.675138860940933228e-02 -6.120346486568450928e-02 9.951700568199157715e-01 9.160832166671752930e-01
9.961345195770263672e-01 1.598563976585865021e-02 8.637962490320205688e-02 -3.217099189758300781e+00 -2.448651008307933807e-02 9.948593378067016602e-01 9.826662391424179077e-02 2.815834045410156250e+00 -8.436460793018341064e-02 -1.000017821788787842e-01 9.914041757583618164e-01 2.122807741165161133e+00
9.875554442405700684e-01 8.156570792198181152e-02 1.344704478979110718e-01 1.468981981277465820e+00 -8.203659951686859131e-02 9.966276884078979492e-01 -2.044051419943571091e-03 -1.088118910789489746e+00 -1.341835558414459229e-01 -9.012887254357337952e-03 9.909155964851379395e-01 -3.203276395797729492e+00
9.995819330215454102e-01 2.864412032067775726e-02 3.934544976800680161e-03 -1.044669270515441895e+00 -2.862237766385078430e-02 9.995751380920410156e-01 -5.445927381515502930e-03 2.891430377960205078e+00 -4.088870249688625336e-03 5.331039894372224808e-03 9.999774694442749023e-01 -6.349175572395324707e-01
9.945458173751831055e-01 1.751514896750450134e-02 1.028202623128890991e-01 4.513055801391601562e+00 -2.196495234966278076e-02 9.988636374473571777e-01 4.230752214789390564e-02 -2.827163040637969971e-01 -1.019623205065727234e-01 -4.433514922857284546e-02 9.937997460365295410e-01 1.322312116622924805e+00
9.977444410324096680e-01 9.674021974205970764e-03 -6.642103940248489380e-02 -1.593639135360717773e+00 -1.032571867108345032e-02 9.999011754989624023e-01 -9.474940598011016846e-03 4.412604331970214844e+00 6.632285565137863159e-02 1.013943925499916077e-02 9.977465271949768066e-01 1.916125774383544922e+00
9.983158111572265625e-01 -5.587026849389076233e-02 -1.562690734863281250e-02 -2.546921014785766602e+00 5.549953132867813110e-02 9.981887936592102051e-01 -2.323452383279800415e-02 3.046293735504150391e+00 1.689670607447624207e-02 2.232805639505386353e-02 9.996078014373779297e-01 4.038366317749023438e+00
9.985529184341430664e-01 4.310583323240280151e-02 -3.215209767222404480e-02 -3.596519947052001953e+00 -4.236813262104988098e-02 9.988301992416381836e-01 2.328156866133213043e-02 1.109411954879760742e+00 3.311806172132492065e-02 -2.188570983707904816e-02 9.992117285728454590e-01 -1.778150916099548340e+00
9.946550726890563965e-01 -4.367090016603469849e-02 -9.356395155191421509e-02 2.310408115386962891e+00 5.372151359915733337e-02 9.927256107330322266e-01 1.077459007501602173e-01 6.212403178215026855e-01 8.817799389362335205e-02 -1.121964529156684875e-01 9.897659420967102051e-01 -3.444052457809448242e+00
9.992628693580627441e-01 -6.621958222240209579e-03 -3.780824318528175354e-02 8.336938619613647461e-01 6.623471621423959732e-03 9.999779462814331055e-01 -8.475105278193950653e-05 1.578671574592590332e+00 3.780797868967056274e-02 -1.657360699027776718e-04 9.992852210998535156e-01 5.265534400939941406e+00
9.998816251754760742e-01 9.409148246049880981e-03 1.217743940651416779e-02 -2.491033375263214111e-01 -9.173782542347908020e-03 9.997732639312744141e-01 -1.923661306500434875e-02 -1.311772346496582031e+00 -1.235562656074762344e-02 1.912259683012962341e-02 9.997408390045166016e-01 -4.216743469238281250e+00
9.972197413444519043e-01 5.074817314743995667e-02 5.456584319472312927e-02 3.992407560348510742e+00 -5.268608406186103821e-02 9.980086088180541992e-01 3.468505665659904480e-02 3.422806024551391602e+00 -5.269698798656463623e-02 -3.746353089809417725e-02 9.979074597358703613e-01 -2.850800037384033203e+00
9.998640418052673340e-01 5.645715864375233650e-04 -1.647898368537425995e-02 4.421497344970703125e+00 1.177714555524289608e-03 9.944157600402832031e-01 1.055281907320022583e-01 -1.150826215744018555e+00 1.644654199481010437e-02 -1.055332273244857788e-01 9.942798018455505371e-01 -3.202668666839599609e+00
9.940620660781860352e-01 1.038383245468139648e-01 3.252765163779258728e-02 -1.830481290817260742e+00 -1.043884009122848511e-01 9.944131374359130859e-01 1.569283939898014069e-02 4.687077999114990234e+00 -3.071639686822891235e-02 -1.899525895714759827e-02 9.993476867675781250e-01 -2.551796734333038330e-01
9.972444772720336914e-01 7.334709167480468750e-02 -1.113084889948368073e-02 -8.623149394989013672e-01 -7.388172298669815063e-02 9.954948425292968750e-01 -5.942214280366897583e-02 -2.630885362625122070e+00 6.722272373735904694e-03 6.008069962263107300e-02 9.981707930564880371e-01 3.501534700393676758e+00
9.964593052864074707e-01 -1.626452244818210602e-02 8.248654007911682129e-02 2.695305347442626953e+00 1.223298814147710800e-02 9.987165331840515137e-01 4.914743453264236450e-02 4.228783130645751953e+00 -8.318004012107849121e-02 -4.796430468559265137e-02 9.953793883323669434e-01 -2.871146202087402344e+00
9.982220530509948730e-01 5.027572065591812134e-02 -3.200841695070266724e-02 -4.390242099761962891e+00 -5.092508345842361450e-02 9.985056519508361816e-01 -1.981111615896224976e-02 3.075958013534545898e+00 3.096454590559005737e-02 2.140597254037857056e-02 9.992914199829101562e-01 -1.320806026458740234e+00
9.922832250595092773e-01 4.193119704723358154e-02 -1.166848167777061462e-01 2.824449300765991211e+00 -3.008033148944377899e-02 9.943769574165344238e-01 1.015319153666496277e-01 3.192193031311035156e+00 1.202860847115516663e-01 -9.723851829767227173e-02 9.879654645919799805e-01 -9.486550092697143555e-02
9.921146035194396973e-01 9.313627332448959351e-02 8.387234807014465332e-02 4.520035386085510254e-01 -8.691967278718948364e-02 9.933920502662658691e-01 -7.495335489511489868e-02 -5.760990381240844727e-01 -9.029895067214965820e-02 6.707214564085006714e-02 9.936535954475402832e-01 3.275647759437561035e-01
9.986312985420227051e-01 3.448687493801116943e-03 -5.218610167503356934e-02 -3.348370552062988281e+00 -1.985196489840745926e-03 9.996041655540466309e-01 2.806701138615608215e-02 3.932302474975585938e+00 5.226222798228263855e-02 -2.792500704526901245e-02 9.982428550720214844e-01 3.787561178207397461e+00
9.932422637939453125e-01 -1.099534258246421814e-01 -3.715372085571289062e-02 -1.318685531616210938e+00 1.114645674824714661e-01 9.929059743881225586e-01 4.138909280300140381e-02 -8.619625568389892578e-01 3.233929723501205444e-02 -4.525069519877433777e-02 9.984520673751831055e-01 -6.121655702590942383e-01
9.932253956794738770e-01 -1.161464601755142212e-01 3.588824067264795303e-03 -3.711413383483886719e+00 1.160826086997985840e-01 9.931318759918212891e-01 1.463615149259567261e-02 3.003215312957763672e+00 -5.264112725853919983e-03 -1.412035338580608368e-02 9.998865127563476562e-01 -2.420133113861083984e+00
9.935510754585266113e-01 -7.522315531969070435e-02 8.484136313199996948e-02 3.674036979675292969e+00 8.070016652345657349e-02 9.947404265403747559e-01 -6.308355927467346191e-02 -4.114480018615722656e+00 -7.964978367090225220e-02 6.952347606420516968e-02 9.943954348564147949e-01 1.012504577636718750e+00
9.878326058387756348e-01 -1.104149818420410156e-01 1.095196381211280823e-01 1.314146995544433594e+00 1.078534796833992004e-01 9.937418103218078613e-01 2.906130999326705933e-02 -5.900946259498596191e-01 -1.120431125164031982e-01 -1.689569652080535889e-02 9.935597181320190430e-01 1.134849548339843750e+00
9.964867234230041504e-01 6.593631953001022339e-02 -5.164608731865882874e-02 2.631848454475402832e-01 -6.597451865673065186e-02 9.978212118148803711e-01 9.690150618553161621e-04 -8.584553599357604980e-01 5.159744620323181152e-02 2.441751770675182343e-03 9.986650347709655762e-01 -3.171547651290893555e+00
9.996734857559204102e-01 -2.486702799797058105e-02 -5.836307536810636520e-03 -2.550143003463745117e-01 2.498059347271919250e-02 9.994830489158630371e-01 2.025533095002174377e-02 3.573116302490234375e+00 5.329600069671869278e-03 -2.039442211389541626e-02 9.997779726982116699e-01 -7.904654145240783691e-01
9.999679327011108398e-01 -2.829374279826879501e-03 -7.455134764313697815e-03 3.213311672210693359e+00 2.381240716204047203e-03 9.982289075851440430e-01 -5.942814052104949951e-02 -1.326898813247680664e+00 7.610070519149303436e-03 5.940852314233779907e-02 9.982045888900756836e-01 2.234029293060302734e+00
9.975305795669555664e-01 -6.495030969381332397e-02 2.672232687473297119e-02 -2.030053138732910156e+00 6.224418804049491882e-02 9.938129186630249023e-01 9.198835492134094238e-02 -2.652968764305114746e-01 -3.253169357776641846e-02 -9.009789675474166870e-02 9.954016208648681641e-01 -6.205400228500366211e-01
9.999648928642272949e-01 -6.969791837036609650e-03 -4.661985673010349274e-03 -5.302173137664794922e+00 7.053058594465255737e-03 9.998112916946411133e-01 1.810618489980697632e-02 -2.126501798629760742e+00 4.534877836704254150e-03 -1.813837885856628418e-02 9.998252391815185547e-01 -4.111318588256835938e+00
9.996349215507507324e-01 -1.226702006533741951e-03 2.697350084781646729e-02 -4.265893936157226562e+00 6.141398334875702858e-04 9.997418522834777832e-01 2.270542085170745850e-02 -3.523260354995727539e+00 -2.699442766606807709e-02 -2.268060669302940369e-02 9.993782639503479004e-01 -3.484312534332275391e+00
9.973350167274475098e-01 -5.097078159451484680e-02 -5.220189690589904785e-02 -1.801461696624755859e+00 5.460020899772644043e-02 9.960066080093383789e-01 7.063814252614974976e-02 8.573058247566223145e-02 4.839295148849487305e-02 -7.330021262168884277e-02 9.961352944374084473e-01 4.029516696929931641e+00
9.996270537376403809e-01 -1.447998359799385071e-02 2.314446121454238892e-02 2.049072742462158203e+00 1.388756651431322098e-02 9.995772838592529297e-01 2.555430494248867035e-02 3.024739980697631836e+00 -2.350468561053276062e-02 -2.522337064146995544e-02 9.994054436683654785e-01 1.352605104446411133e+00
9.971797466278076172e-01 -7.165618985891342163e-02 -2.231365069746971130e-02 3.844231128692626953e+00 7.417000085115432739e-02 9.863200783729553223e-01 1.472127735614776611e-01 4.886917591094970703e+00 1.145969610661268234e-02 -1.484525650739669800e-01 9.888532161712646484e-01 2.130088090896606445e+00
9.990691542625427246e-01 3.836191818118095398e-02 -1.973280124366283417e-02 8.923017978668212891e-01 -3.837760537862777710e-02 9.992634057998657227e-01 -4.274188540875911713e-04 1.527126073837280273e+00 1.970187574625015259e-02 1.184369903057813644e-03 9.998052716255187988e-01 -4.986312389373779297e+00
9.887799620628356934e-01 3.555475920438766479e-02 -1.450841128826141357e-01 -5.171524524688720703e+00 -2.412402071058750153e-02 9.965190887451171875e-01 7.980049401521682739e-02 -1.527613401412963867e-01 1.474163681268692017e-01 -7.540514320135116577e-02 9.861959815025329590e-01 3.373942613601684570e+00
