9.916343092918395996e-01 1.058189477771520615e-02 1.286442726850509644e-01 -4.324135303497314453e+00 -1.407995354384183884e-02 9.995546340942382812e-01 2.631273493170738220e-02 -3.655784845352172852e+00 -1.283085346221923828e-01 -2.790391817688941956e-02 9.913416504859924316e-01 -2.236834287643432617e+00
9.975925087928771973e-01 1.132453326135873795e-02 -6.841797381639480591e-02 -2.775152921676635742e+00 -1.225618273019790649e-02 9.998376369476318359e-01 -1.321264449506998062e-02 3.846910953521728516e+00 6.825723499059677124e-02 1.401937752962112427e-02 9.975692629814147949e-01 -2.169750630855560303e-01
9.914916157722473145e-01 8.334595710039138794e-02 -9.998919814825057983e-02 1.898716926574707031e+00 -9.133971482515335083e-02 9.927427768707275391e-01 -7.822313159704208374e-02 -2.313531160354614258e+00 9.274397045373916626e-02 8.669056743383407593e-02 9.919089078903198242e-01 3.542922258377075195e+00
9.996792674064636230e-01 2.526547573506832123e-02 1.737177255563437939e-03 -8.562266826629638672e-01 -2.532309293746948242e-02 9.963752627372741699e-01 8.121003210544586182e-02 6.111676096916198730e-01 3.209297137800604105e-04 -8.122798055410385132e-02 9.966954588890075684e-01 -1.238823413848876953e+00
9.953180551528930664e-01 -1.647994481027126312e-02 -9.523856639862060547e-02 6.298366785049438477e-01 1.398249063640832901e-02 9.995421767234802246e-01 -2.683130279183387756e-02 -2.263027429580688477e+00 9.563714265823364258e-02 2.537400834262371063e-02 9.950928092002868652e-01 -4.183153152465820312e+00
9.995411634445190430e-01 -2.963537164032459259e-02 6.266835145652294159e-03 -2.818610906600952148e+00 2.930356562137603760e-02 9.984326958656311035e-01 4.768009483814239502e-02 -1.947399735450744629e+00 -7.670030463486909866e-03 -4.747457802295684814e-02 9.988429546356201172e-01 -1.140997290611267090e+00
9.937745928764343262e-01 9.887241572141647339e-02 -5.134506523609161377e-02 1.176709890365600586e+00 -1.011047065258026123e-01 9.939519762992858887e-01 -4.286414384841918945e-02 2.720155954360961914e+00 4.679644480347633362e-02 4.778852313756942749e-02 9.977606534957885742e-01 -3.628184556961059570e+00
9.988170266151428223e-01 -4.380221292376518250e-02 2.111635729670524597e-02 -3.584578275680541992e+00 4.507550224661827087e-02 9.969211220741271973e-01 -6.416028738021850586e-02 -5.417559146881103516e-01 -1.824097894132137299e-02 6.503622233867645264e-02 9.977161288261413574e-01 3.220630407333374023e+00
9.941322803497314453e-01 8.451101928949356079e-02 6.752018630504608154e-02 -3.807471275329589844e+00 -8.231651782989501953e-02 9.960036277770996094e-01 -3.465292602777481079e-02 2.615110158920288086e+00 -7.017890363931655884e-02 2.889155969023704529e-02 9.971159100532531738e-01 4.129369735717773438e+00
9.974546432495117188e-01 -6.763768196105957031e-02 -2.257090993225574493e-02 4.306597113609313965e-01 6.932013481855392456e-02 9.939892888069152832e-01 8.473538607358932495e-02 4.813361167907714844e+00 1.670393534004688263e-02 -8.608432114124298096e-02 9.961478114128112793e-01 2.336183547973632812e+00
9.987183213233947754e-01 1.162340957671403885e-02 4.926038160920143127e-02 2.696931362152099609e-01 -7.456018123775720596e-03 9.964417219161987305e-01 -8.395364880561828613e-02 3.134084939956665039e+00 -5.006092786788940430e-02 8.347876369953155518e-02 9.952513575553894043e-01 2.319553613662719727e+00
9.998993873596191406e-01 1.358932629227638245e-02 4.059029277414083481e-03 -2.173500537872314453e+00 -1.356146205216646194e-02 9.998847842216491699e-01 -6.815008819103240967e-03 -4.897861480712890625e+00 -4.151173401623964310e-03 6.759277079254388809e-03 9.999685287475585938e-01 -1.492630839347839355e-01
9.993385076522827148e-01 2.228913456201553345e-02 2.873550355434417725e-02 -3.709506750106811523e+00 -2.280031517148017883e-02 9.995853900909423828e-01 1.758590340614318848e-02 -2.187140136957168579e-01 -2.833161316812038422e-02 -1.822944916784763336e-02 9.994323849678039551e-01 -3.264217615127563477e+00
9.992560148239135742e-01 3.563457354903221130e-02 1.475032325834035873e-02 1.464970111846923828e+00 -3.603875637054443359e-02 9.989550113677978516e-01 2.810841426253318787e-02 1.653663158416748047e+00 -1.373327802866697311e-02 -2.861908450722694397e-02 9.994960427284240723e-01 2.209223657846450806e-01
9.999841451644897461e-01 4.393138457089662552e-03 -3.525529755279421806e-03 3.777725458145141602e+00 -4.368365276604890823e-03 9.999659657478332520e-01 7.003945298492908478e-03 -3.343531131744384766e+00 3.556178882718086243e-03 -6.988433655351400375e-03 9.999692440032958984e-01 3.573783636093139648e+00
9.939113259315490723e-01 -8.487906306982040405e-02 -7.025542855262756348e-02 -4.044650554656982422e+00 7.671717554330825806e-02 9.907783269882202148e-01 -1.116819754242897034e-01 1.834295868873596191e+00 7.908701151609420776e-02 1.056121885776519775e-01 9.912574291229248047e-01 -4.442351818084716797e+00
9.999392628669738770e-01 -1.086208224296569824e-02 -1.868013292551040649e-03 -1.986880540847778320e+00 1.082978770136833191e-02 9.998050928115844727e-01 -1.650683954358100891e-02 2.715578079223632812e+00 2.046947833150625229e-03 1.648560725152492523e-02 9.998620152473449707e-01 3.688767910003662109e+00
9.993645548820495605e-01 6.742504891008138657e-03 3.500142693519592285e-02 1.564230918884277344e+00 -8.683177642524242401e-03 9.984157085418701172e-01 5.559308826923370361e-02 -9.443300962448120117e-01 -3.457113727927207947e-02 -5.586168542504310608e-02 9.978398084640502930e-01 -3.462563991546630859e+00
9.954449534416198730e-01 -6.507487595081329346e-02 6.967559456825256348e-02 -1.705275893211364746e+00 6.687776744365692139e-02 9.974758625030517578e-01 -2.386082708835601807e-02 -2.389396905899047852e+00 -6.794698536396026611e-02 2.841188758611679077e-02 9.972842931747436523e-01 -3.468504428863525391e+00
9.983605146408081055e-01 -4.663270711898803711e-02 3.319039195775985718e-02 4.812872886657714844e+00 4.540583491325378418e-02 9.982903599739074707e-01 3.680543974041938782e-02 1.511131286621093750e+00 -3.484998643398284912e-02 -3.523806110024452209e-02 9.987711310386657715e-01 1.106736540794372559e+00
9.994742870330810547e-01 -1.359968166798353195e-02 2.943000383675098419e-02 -4.291067421436309814e-01 1.593433506786823273e-02 9.966186285018920898e-01 -8.060697466135025024e-02 4.253712654113769531e+00 -2.823426015675067902e-02 8.103354275226593018e-02 9.963114261627197266e-01 2.266332864761352539e+00
9.989345073699951172e-01 2.765223011374473572e-02 3.694776445627212524e-02 1.062412858009338379e+00 -2.477452158927917480e-02 9.967851638793945312e-01 -7.619421184062957764e-02 -1.093230366706848145e+00 -3.893592581152915955e-02 7.519766688346862793e-02 9.964081645011901855e-01 2.625760734081268311e-01
9.908467531204223633e-01 -9.201956540346145630e-02 -9.876783937215805054e-02 -2.610878467559814453e+00 8.532398939132690430e-02 9.938908219337463379e-01 -7.000657171010971069e-02 -1.424080491065979004e+00 1.046064198017120361e-01 6.093851849436759949e-02 9.926449060440063477e-01 -3.229899704456329346e-01
9.999954700469970703e-01 1.545690349303185940e-03 2.581245964393019676e-03 3.796816587448120117e+00 -1.578505500219762325e-03 9.999173879623413086e-01 1.275967154651880264e-02 -3.843316793441772461e+00 -2.561310073360800743e-03 -1.276368740946054459e-02 9.999153017997741699e-01 -2.475378274917602539e+00
9.998191595077514648e-01 -1.657454110682010651e-02 -9.323377162218093872e-03 -3.308157622814178467e-01 1.654600724577903748e-02 9.998582005500793457e-01 -3.129409160465002060e-03 -4.339844584465026855e-01 9.373923763632774353e-03 2.974578877910971642e-03 9.999516010284423828e-01 -2.961216449737548828e+00
9.991884827613830566e-01 3.404033184051513672e-02 -2.153050154447555542e-02 4.866029739379882812e+00 -3.500477224588394165e-02 9.983220696449279785e-01 -4.612781479954719543e-02 1.015959620475769043e+00 1.992416754364967346e-02 4.684405028820037842e-02 9.987034797668457031e-01 -3.710564225912094116e-02
9.993442893028259277e-01 -3.482593968510627747e-02 9.903436526656150818e-03 3.268117189407348633e+00 3.494893386960029602e-02 9.993105530738830566e-01 -1.252969074994325638e-02 -3.429265737533569336e+00 -9.460250847041606903e-03 1.286759041249752045e-02 9.998724460601806641e-01 -2.725052237510681152e-01
9.999995827674865723e-01 -7.867354725021868944e-05 -9.532480617053806782e-04 2.324103116989135742e+00 7.967482815729454160e-05 9.999994039535522461e-01 1.050398685038089752e-03 -2.605228900909423828e+00 9.531649411655962467e-04 -1.050474122166633606e-03 9.999989867210388184e-01 -1.967125296592712402e+00
9.963335394859313965e-01 -4.887614399194717407e-02 -7.021883875131607056e-02 3.801331758499145508e+00 4.407225176692008972e-02 9.966836571693420410e-01 -6.840608268976211548e-02 -3.215294599533081055e+00 7.332939654588699341e-02 6.506056338548660278e-02 9.951833486557006836e-01 3.032938480377197266e+00
9.990253448486328125e-01 -3.470698744058609009e-02 2.727096155285835266e-02 7.064233422279357910e-01 3.461502119898796082e-02 9.993933439254760742e-01 3.837356576696038246e-03 2.255930185317993164e+00 -2.738760225474834442e-02 -2.889631781727075577e-03 9.996206760406494141e-01 4.150882720947265625e+00
9.960899353027343750e-01 -8.390006422996520996e-02 2.766854315996170044e-02 -2.002539634704589844e+00 8.424665033817291260e-02 9.963773488998413086e-01 -1.160581503063440323e-02 3.748322129249572754e-01 -2.659458108246326447e-02 1.389141753315925598e-02 9.995497465133666992e-01 -2.272694349288940430e+00
9.995203018188476562e-01 -2.003405615687370300e-02 -2.361612953245639801e-02 -4.380303382873535156e+00 2.206794172525405884e-02 9.957630634307861328e-01 8.926881849765777588e-02 3.371241807937622070e+00 2.172765322029590607e-02 -8.974716067314147949e-02 9.957275390625000000e-01 -1.738814830780029297e+00
9.928306341171264648e-01 -2.983044274151325226e-02 1.157475709915161133e-01 -9.935233592987060547e-01 1.612293347716331482e-02 9.929298758506774902e-01 1.176024302840232849e-01 5.244383215904235840e-01 -1.184373497962951660e-01 -1.148930937051773071e-01 9.862921237945556641e-01 4.730389118194580078e+00
9.992988109588623047e-01 3.739539533853530884e-02 1.840263605117797852e-03 -9.915693998336791992e-01 -3.736593201756477356e-02 9.992029070854187012e-01 -1.404830161482095718e-02 2.202898502349853516e+00 -2.364138606935739517e-03 1.396968960762023926e-02 9.998996257781982422e-01 -4.299779891967773438e+00
9.956949353218078613e-01 -2.517596073448657990e-02 8.920583128929138184e-02 2.763158559799194336e+00 2.011978067457675934e-02 9.981638789176940918e-01 5.713266134262084961e-02 3.548292160034179688e+00 -9.048040211200714111e-02 -5.509190261363983154e-02 9.943732619285583496e-01 4.464241564273834229e-01
9.945862293243408203e-01 -9.424656629562377930e-02 -4.377097263932228088e-02 2.249831676483154297e+00 9.208624064922332764e-02 9.945447444915771484e-01 -4.899873584508895874e-02 -6.228673458099365234e-01 4.815015569329261780e-02 4.470275714993476868e-02 9.978392720222473145e-01 4.607064723968505859e+00
9.857501387596130371e-01 6.966770626604557037e-03 1.680717617273330688e-01 -2.265494823455810547e+00 -8.117594756186008453e-03 9.999480843544006348e-01 6.161124911159276962e-03 -3.599683761596679688e+00 -1.680201143026351929e-01 -7.437668275088071823e-03 9.857555031776428223e-01 3.046930313110351562e+00
9.992684125900268555e-01 -3.780585154891014099e-02 -5.780927371233701706e-03 1.045156240463256836e+00 3.752727806568145752e-02 9.983941316604614258e-01 -4.243623837828636169e-02 1.880222916603088379e+00 7.375982590019702911e-03 4.218824952840805054e-02 9.990824460983276367e-01 5.763154625892639160e-01
9.998401403427124023e-01 -1.222958136349916458e-02 1.304597873240709305e-02 4.587377071380615234e+00 1.177488826215267181e-02 9.993395209312438965e-01 3.437830880284309387e-02 -3.315964937210083008e+00 -1.345779374241828918e-02 -3.421919792890548706e-02 9.993237257003784180e-01 3.524806201457977295e-01
9.884882569313049316e-01 1.038119345903396606e-01 1.100637540221214294e-01 -1.203877568244934082e+00 -1.114689856767654419e-01 9.915838837623596191e-01 6.584862619638442993e-02 -2.886407613754272461e+00 -1.023015752434730530e-01 -7.735928893089294434e-02 9.917408227920532227e-01 -3.673161983489990234e+00
9.857986569404602051e-01 1.412125378847122192e-01 -9.088460355997085571e-02 -3.862520754337310791e-01 -1.405949145555496216e-01 9.899792671203613281e-01 1.319484598934650421e-02 2.569723844528198242e+00 9.183715283870697021e-02 -2.295483864145353436e-04 9.957739710807800293e-01 -5.478246212005615234e-01
9.991016983985900879e-01 3.825860470533370972e-02 -1.822274737060070038e-02 4.168895244598388672e+00 -3.744775801897048950e-02 9.983758926391601562e-01 4.293265938758850098e-02 4.712967395782470703e+00 1.983569562435150146e-02 -4.221168905496597290e-02 9.989117980003356934e-01 -1.979185342788696289e+00
9.990444183349609375e-01 2.864741906523704529e-02 3.300911933183670044e-02 4.151465892791748047e+00 -2.835323661565780640e-02 9.995542764663696289e-01 -9.346133098006248474e-03 -4.541882038116455078e+00 -3.326214849948883057e-02 8.401286788284778595e-03 9.994113445281982422e-01 -3.057641506195068359e+00
9.920293092727661133e-01 1.958819665014743805e-02 1.244752481579780579e-01 -2.954398870468139648e+00 -8.289341814815998077e-03 9.958483576774597168e-01 -9.064938127994537354e-02 -5.616498589515686035e-01 -1.257341355085372925e-01 8.889502286911010742e-02 9.880731701850891113e-01 -1.398878931999206543e+00
9.959239959716796875e-01 6.095220521092414856e-02 -6.648422777652740479e-02 -1.655815243721008301e+00 -5.991938710212707520e-02 9.980511665344238281e-01 1.742161810398101807e-02 4.663249969482421875e+00 6.741654872894287109e-02 -1.336691435426473618e-02 9.976353645324707031e-01 2.763377189636230469e+00
9.993402361869812012e-01 -2.959395572543144226e-02 2.105406112968921661e-02 -1.191659212112426758e+00 2.905489876866340637e-02 9.992533922195434570e-01 2.546453662216663361e-02 -3.607922315597534180e+00 -2.179193869233131409e-02 -2.483601309359073639e-02 9.994539618492126465e-01 -2.212584257125854492e+00
9.995045065879821777e-01 -2.304009534418582916e-02 -2.144359797239303589e-02 -1.150802016258239746e+00 2.338286489248275757e-02 9.996005892753601074e-01 1.587357930839061737e-02 -1.795432925224304199e+00 2.106930501759052277e-02 -1.636712625622749329e-02 9.996440410614013672e-01 3.821110010147094727e+00
9.992609024047851562e-01 1.833545044064521790e-02 -3.378589451313018799e-02 2.528928995132446289e+00 -1.864210888743400574e-02 9.997876286506652832e-01 -8.784010075032711029e-03 -4.520374298095703125e+00 3.361766040325164795e-02 9.407358244061470032e-03 9.993904829025268555e-01 1.851220250129699707e+00
9.929115176200866699e-01 1.161610037088394165e-01 2.516493946313858032e-02 -4.687582015991210938e+00 -1.173409000039100647e-01 9.917286038398742676e-01 5.201447010040283203e-02 -1.761058449745178223e+00 -1.891473866999149323e-02 -5.459864437580108643e-02 9.983292222023010254e-01 -4.741145133972167969e+00
9.952221512794494629e-01 -6.188501045107841492e-02 -7.551889866590499878e-02 -4.619367599487304688e+00 6.033337861299514771e-02 9.979210495948791504e-01 -2.265973947942256927e-02 5.323846340179443359e-01 7.676419615745544434e-02 1.799516566097736359e-02 9.968869090080261230e-01 4.586241245269775391e+00
9.998570680618286133e-01 1.620783843100070953e-02 -4.812899511307477951e-03 3.087084293365478516e+00 -1.668569259345531464e-02 9.918672442436218262e-01 -1.261782646179199219e-01 -4.048683643341064453e+00 2.728680381551384926e-03 1.262405365705490112e-01 9.919958710670471191e-01 -1.848625838756561279e-01
9.993394017219543457e-01 -2.245274558663368225e-02 -2.857638709247112274e-02 -5.001447200775146484e+00 2.250462397933006287e-02 9.997456073760986328e-01 1.495020813308656216e-03 4.500862598419189453e+00 2.853555046021938324e-02 -2.137134084478020668e-03 9.995904564857482910e-01 -1.281041502952575684e+00
9.984970092773437500e-01 3.984091058373451233e-02 -3.763454779982566833e-02 -1.559654593467712402e+00 -3.803342580795288086e-02 9.981430172920227051e-01 4.758036136627197266e-02 -4.967711448669433594e+00 3.946030884981155396e-02 -4.607747867703437805e-02 9.981582164764404297e-01 -3.676128149032592773e+00
9.937384724617004395e-01 -7.722274959087371826e-02 8.074961602687835693e-02 3.525701045989990234e+00 6.759673357009887695e-02 9.909682869911193848e-01 1.158125847578048706e-01 2.210408687591552734e+00 -8.896366506814956665e-02 -1.096290051937103271e-01 9.899833202362060547e-01 -3.532322645187377930e-01
9.952473044395446777e-01 -5.713739991188049316e-02 7.885552942752838135e-02 -4.827126026153564453e+00 5.988565087318420410e-02 9.976617097854614258e-01 -3.293659910559654236e-02 -2.765446662902832031e+00 -7.678923010826110840e-02 3.750237450003623962e-02 9.963417649269104004e-01 -4.255627155303955078e+00
9.960991740226745605e-01 5.042251572012901306e-02 -7.241557538509368896e-02 2.890738010406494141e+00 -4.611334577202796936e-02 9.971330761909484863e-01 5.999385565519332886e-02 9.831115603446960449e-01 7.523300498723983765e-02 -5.642050504684448242e-02 9.955685734748840332e-01 3.320281028747558594e+00
9.985607266426086426e-01 -1.528082694858312607e-02 5.141064152121543884e-02 4.524550437927246094e+00 1.927286572754383087e-02 9.967613220214843750e-01 -7.807308435440063477e-02 9.302826970815658569e-02 -5.005111917853355408e-02 7.895154505968093872e-02 9.956211447715759277e-01 -2.660755157470703125e+00
9.994620680809020996e-01 1.817589625716209412e-02 2.729830332100391388e-02 -4.515729427337646484e+00 -1.861817203462123871e-02 9.996981024742126465e-01 1.603571511805057526e-02 3.507265090942382812e+00 -2.699859812855720520e-02 -1.653533428907394409e-02 9.994986653327941895e-01 -4.319207668304443359e+00
9.999940991401672363e-01 -1.287205959670245647e-04 3.424021648243069649e-03 -3.694328784942626953e+00 8.101460116449743509e-05 9.999030232429504395e-01 1.392922829836606979e-02 -3.976043462753295898e+00 -3.425482427701354027e-03 -1.392886973917484283e-02 9.998971223831176758e-01 -4.335686206817626953e+00
9.911324381828308105e-01 9.865617007017135620e-02 8.901415020227432251e-02 -2.703229904174804688e+00 -9.018083661794662476e-02 9.914145469665527344e-01 -9.468166530132293701e-02 9.323074668645858765e-02 -9.759084880352020264e-02 8.581469208002090454e-02 9.915199875831604004e-01 2.263274908065795898e+00
9.998222589492797852e-01 9.808531031012535095e-03 -1.610053144395351410e-02 -4.517438888549804688e+00 -9.515224955976009369e-03 9.997892379760742188e-01 1.819382421672344208e-02 2.680706977844238281e+00 1.627559214830398560e-02 -1.803738996386528015e-02 9.997048377990722656e-01 -3.830543756484985352e+00
9.999998807907104492e-01 -3.112053673248738050e-04 3.996795276179909706e-04 3.906512975692749023e+00 3.113227139692753553e-04 9.999999403953552246e-01 -2.936063392553478479e-04 -4.457602798938751221e-01 -3.995881124865263700e-04 2.937307290267199278e-04 9.999998807907104492e-01 4.137623310089111328e+00
9.914635419845581055e-01 1.131613031029701233e-01 6.476479768753051758e-02 4.228308200836181641e+00 -1.154880151152610779e-01 9.927480220794677734e-01 3.337460756301879883e-02 2.137260913848876953e+00 -6.051841005682945251e-02 -4.056926444172859192e-02 9.973422884941101074e-01 -4.965029239654541016e+00
9.998655915260314941e-01 8.624563924968242645e-03 -1.394359860569238663e-02 3.788352251052856445e+00 -8.641868829727172852e-03 9.999619722366333008e-01 -1.181306201033294201e-03 9.260717034339904785e-01 1.393288001418113708e-02 1.301645999774336815e-03 9.999021291732788086e-01 3.765869379043579102e+00
9.961858987808227539e-01 -1.542970538139343262e-02 -8.588168025016784668e-02 3.033912658691406250e+00 6.638436112552881241e-03 9.947904944419860840e-01 -1.017237752676010132e-01 4.968863129615783691e-01 8.700384944677352905e-02 1.007656604051589966e-01 9.910987019538879395e-01 1.707916021347045898e+00
9.998180270195007324e-01 1.045278646051883698e-02 -1.595557481050491333e-02 3.338917016983032227e+00 -1.061498653143644333e-02 9.998925328254699707e-01 -1.011511683464050293e-02 -4.569876670837402344e+00 1.584812812507152557e-02 1.028264500200748444e-02 9.998215436935424805e-01 5.239779949188232422e-01
9.969010949134826660e-01 -3.202763944864273071e-02 -7.184955477714538574e-02 4.429217338562011719e+00 2.696739137172698975e-02 9.971594810485839844e-01 -7.032528519630432129e-02 -2.936318874359130859e+00 7.389782369136810303e-02 6.816976517438888550e-02 9.949331283569335938e-01 2.409905672073364258e+00
9.942327141761779785e-01 -2.028046734631061554e-02 1.053091138601303101e-01 -4.276334285736083984e+00 3.146005049347877502e-02 9.939098954200744629e-01 -1.056096032261848450e-01 -4.292529582977294922e+00 -1.025259643793106079e-01 1.083135530352592468e-01 9.888157248497009277e-01 -3.823854684829711914e+00
9.998862743377685547e-01 -1.471267081797122955e-02 -3.302938537672162056e-03 -3.852742433547973633e+00 1.462008338421583176e-02 9.995419979095458984e-01 -2.649495191872119904e-02 -2.100823640823364258e+00 3.691237419843673706e-03 2.644365094602108002e-02 9.996435046195983887e-01 -4.743421554565429688e+00
9.923937916755676270e-01 1.222432926297187805e-01 -1.453300006687641144e-02 2.313551187515258789e+00 -1.210951283574104309e-01 9.906127452850341797e-01 6.342190504074096680e-02 -1.586614131927490234e+00 2.214947715401649475e-02 -6.117962673306465149e-02 9.978809952735900879e-01 -3.518089532852172852e+00
9.998282194137573242e-01 -5.844851490110158920e-03 1.759130880236625671e-02 3.134048938751220703e+00 7.879908196628093719e-03 9.929897785186767578e-01 -1.179376244544982910e-01 4.820177555084228516e-01 -1.677866093814373016e-02 1.180559769272804260e-01 9.928651452064514160e-01 -4.343947410583496094e+00
9.946773052215576172e-01 -3.122648783028125763e-02 9.819345921277999878e-02 -4.700384140014648438e+00 4.133053869009017944e-02 9.938625693321228027e-01 -1.026108190417289734e-01 2.415320396423339844e+00 -9.438662976026535034e-02 1.061230525374412537e-01 9.898631572723388672e-01 3.164819240570068359e+00
9.879683852195739746e-01 -1.387004554271697998e-01 6.841585040092468262e-02 1.403117656707763672e+00 1.386805623769760132e-01 9.903242588043212891e-01 5.063177552074193954e-03 -4.232826232910156250e+00 -6.845613569021224976e-02 4.485689569264650345e-03 9.976440072059631348e-01 4.658253669738769531e+00
9.979878067970275879e-01 -8.476031944155693054e-03 -6.283687055110931396e-02 3.659908771514892578e+00 5.199865903705358505e-03 9.986273050308227539e-01 -5.211898311972618103e-02 -1.514073848724365234e+00 6.319238245487213135e-02 5.168736726045608521e-02 9.966619610786437988e-01 5.063647270202636719e+00
9.995617270469665527e-01 2.952828444540500641e-02 -2.102866303175687790e-03 -3.224289655685424805e+00 -2.929446473717689514e-02 9.968730807304382324e-01 7.338859885931015015e-02 2.249094724655151367e+00 4.263329785317182541e-03 -7.329483330249786377e-02 9.973011612892150879e-01 -2.527522563934326172e+00
9.954716563224792480e-01 -9.449382871389389038e-02 -1.034804061055183411e-02 -3.327173471450805664e+00 9.504322707653045654e-02 9.913607239723205566e-01 9.039200842380523682e-02 -3.411077857017517090e-01 1.717154751531779766e-03 -9.096618741750717163e-02 9.958524703979492188e-01 -7.523214221000671387e-01
9.999957680702209473e-01 -1.967962132766842842e-03 -2.136825583875179291e-03 5.132288932800292969e-01 1.971661113202571869e-03 9.999966025352478027e-01 1.730282092466950417e-03 3.399985074996948242e+00 2.133413217961788177e-03 -1.734487828798592091e-03 9.999961853027343750e-01 2.535676717758178711e+00
9.968951344490051270e-01 7.561429589986801147e-02 2.196777984499931335e-02 1.816310405731201172e+00 -7.174099981784820557e-02 9.872040152549743652e-01 -1.424127221107482910e-01 2.439490795135498047e+00 -3.245512023568153381e-02 1.403945535421371460e-01 9.895635247230529785e-01 1.402522921562194824e+00
9.997869133949279785e-01 -2.045309357345104218e-02 2.789842430502176285e-03 4.588043689727783203e+00 2.045782096683979034e-02 9.997892975807189941e-01 -1.677005202509462833e-03 5.027230739593505859e+00 -2.754954854026436806e-03 1.733722048811614513e-03 9.999946951866149902e-01 -2.877866506576538086e+00
9.973570108413696289e-01 -7.210655510425567627e-02 -8.922608569264411926e-03 -4.133237302303314209e-01 7.216791808605194092e-02 9.973696470260620117e-01 6.757562980055809021e-03 2.981170415878295898e-01 8.411874063313007355e-03 -7.383629214018583298e-03 9.999373555183410645e-01 4.430807590484619141e+00
9.998719096183776855e-01 -1.187663059681653976e-02 -1.073241792619228363e-02 2.723491907119750977e+00 1.044799014925956726e-02 9.921570420265197754e-01 -1.245601698756217957e-01 9.404562711715698242e-01 1.212759967893362045e-02 1.244320794939994812e-01 9.921540021896362305e-01 -1.977694928646087646e-01
9.933859705924987793e-01 -1.134535893797874451e-01 -1.767956465482711792e-02 -1.093516230583190918e+00 1.147407293319702148e-01 9.866600036621093750e-01 1.154839247465133667e-01 -4.147345066070556641e+00 4.341653548181056976e-03 -1.167486757040023804e-01 9.931519627571105957e-01 4.189248561859130859e+00
9.924418926239013672e-01 -8.031595498323440552e-02 9.278151392936706543e-02 4.312439918518066406e+00 8.539815992116928101e-02 9.949803948402404785e-01 -5.216455459594726562e-02 -4.305056095123291016e+00 -8.812613785266876221e-02 5.969365686178207397e-02 9.943190813064575195e-01 -5.224294662475585938e+00
9.977699518203735352e-01 -6.221446022391319275e-02 2.417633309960365295e-02 3.095129251480102539e+00 6.266373395919799805e-02 9.978670477867126465e-01 -1.829194650053977966e-02 -1.759971976280212402e+00 -2.298674173653125763e-02 1.976613514125347137e-02 9.995403885841369629e-01 3.656956911087036133e+00
9.999677538871765137e-01 6.415748503059148788e-04 -8.010464720427989960e-03 -4.514916419982910156e+00 -5.418643122538924217e-04 9.999223947525024414e-01 1.244350429624319077e-02 -1.444254755973815918e+00 8.017826825380325317e-03 -1.243876107037067413e-02 9.998904466629028320e-01 2.550628900527954102e+00
9.925782084465026855e-01 -3.715737164020538330e-02 -1.157922148704528809e-01 -1.563486456871032715e+00 2.289867214858531952e-02 9.922509789466857910e-01 -1.221214681863784790e-01 -1.241345643997192383e+00 1.194326505064964294e-01 1.185636147856712341e-01 9.857375025749206543e-01 -1.514184713363647461e+00
9.992243647575378418e-01 2.675596624612808228e-02 2.889225445687770844e-02 -9.129799604415893555e-01 -2.788191102445125580e-02 9.988384842872619629e-01 3.929760307073593140e-02 9.048777818679809570e-01 -2.780724875628948212e-02 -4.007269442081451416e-02 9.988097548484802246e-01 3.015179872512817383e+00
9.997602105140686035e-01 -1.681762188673019409e-02 -1.402456033974885941e-02 3.438571453094482422e+00 1.657718233764171600e-02 9.997165203094482422e-01 -1.708769612014293671e-02 -2.254146933555603027e-01 1.430795993655920029e-02 1.685111038386821747e-02 9.997556209564208984e-01 2.369866371154785156e+00
9.923627376556396484e-01 -2.088886126875877380e-02 -1.215720996260643005e-01 -4.425244331359863281e+00 7.443481590598821640e-03 9.939019680023193359e-01 -1.100157499313354492e-01 2.469944953918457031e+00 1.231288537383079529e-01 1.082706153392791748e-01 9.864667654037475586e-01 -2.619673490524291992e+00
9.995943307876586914e-01 2.779397368431091309e-02 6.212479434907436371e-03 -1.604516029357910156e+00 -2.789210155606269836e-02 9.994778633117675781e-01 1.631001755595207214e-02 -1.482084989547729492e+00 -5.755915306508541107e-03 -1.647667959332466125e-02 9.998476505279541016e-01 4.816668510437011719e+00
9.924389123916625977e-01 -5.253414064645767212e-02 1.109286844730377197e-01 -2.044677495956420898e+00 6.319371610879898071e-02 9.934815168380737305e-01 -9.487362951040267944e-02 1.702753305435180664e+00 -1.052214950323104858e-01 1.011662781238555908e-01 9.892895221710205078e-01 4.421504497528076172e+00
9.999260902404785156e-01 -1.155891921371221542e-02 -3.758652834221720695e-03 -4.444898605346679688e+00 1.156251318752765656e-02 9.999327063560485840e-01 9.358623065054416656e-04 -2.724532604217529297e+00 3.747582435607910156e-03 -9.792526252567768097e-04 9.999924898147583008e-01 -2.410518169403076172e+00
9.990991353988647461e-01 -1.339503284543752670e-02 -4.026748239994049072e-02 -1.560088872909545898e+00 1.192145515233278275e-02 9.992583394050598145e-01 -3.661471977829933167e-02 -2.379237562417984009e-01 4.072807356715202332e-02 3.610168769955635071e-02 9.985178112983703613e-01 4.701603889465332031e+00
9.999752640724182129e-01 -1.416675397194921970e-03 6.895898375660181046e-03 -1.728033304214477539e+00 1.482113148085772991e-03 9.999538064002990723e-01 -9.493529796600341797e-03 1.338522791862487793e+00 -6.882131099700927734e-03 9.503515437245368958e-03 9.999311566352844238e-01 2.569983005523681641e+00
9.951103329658508301e-01 -9.425873309373855591e-02 -2.950900793075561523e-02 -1.831536650657653809e+00 8.965633809566497803e-02 9.873833656311035156e-01 -1.305214762687683105e-01 -7.271928787231445312e-01 4.143949225544929504e-02 1.272376030683517456e-01 9.910061955451965332e-01 2.157260894775390625e+00
9.990921616554260254e-01 -2.393945492804050446e-02 -3.523940220475196838e-02 -3.158261179924011230e-01 2.148588374257087708e-02 9.974245429039001465e-01 -6.842973083257675171e-02 -2.829485654830932617e+00 3.678681701421737671e-02 6.761045753955841064e-02 9.970334172248840332e-01 -2.206888914108276367e+00
9.954250454902648926e-01 -7.565131038427352905e-02 5.835963785648345947e-02 2.352127552032470703e+00 7.232446968555450439e-02 9.957421422004699707e-01 5.715614184737205505e-02 1.743505358695983887e+00 -6.243509054183959961e-02 -5.267382785677909851e-02 9.966580867767333984e-01 -5.784914493560791016e-01
9.972863793373107910e-01 1.392945740371942520e-02 7.229045033454895020e-02 -3.410122871398925781e+00 -2.069268748164176941e-02 9.953884482383728027e-01 9.366818517446517944e-02 2.829012393951416016e+00 -7.065232843160629272e-02 -9.490988403558731079e-02 9.929754734039306641e-01 9.270441532135009766e-01
9.895471930503845215e-01 6.603544205427169800e-02 1.282013654708862305e-01 1.909676313400268555e+00 -6.592168658971786499e-02 9.978115558624267578e-01 -5.134990438818931580e-03 -1.866554141044616699e+00 -1.282598972320556641e-01 -3.369933925569057465e-03 9.917348623275756836e-01 -3.826089382171630859e+00
9.996982216835021973e-01 2.012507058680057526e-02 -1.408468279987573624e-02 -8.205224871635437012e-01 -2.035279199481010437e-02 9.996613860130310059e-01 -1.621585898101329803e-02 2.638681650161743164e+00 1.375356875360012054e-02 1.649762876331806183e-02 9.997692704200744629e-01 -2.232002496719360352e+00
9.958760142326354980e-01 2.881099644582718611e-04 9.072408080101013184e-02 4.721980571746826172e+00 -3.467524889856576920e-03 9.993851780891418457e-01 3.488921746611595154e-02 -1.146938920021057129e+00 -9.065825492143630981e-02 -3.505992144346237183e-02 9.952647686004638672e-01 2.698813974857330322e-01
9.971245527267456055e-01 -1.618666807189583778e-03 -7.576227933168411255e-02 -1.207591772079467773e+00 1.063329633325338364e-03 9.999722838401794434e-01 -7.369760423898696899e-03 4.032836437225341797e+00 7.577209919691085815e-02 7.268008776009082794e-03 9.970986843109130859e-01 1.328962683677673340e+00
9.972941279411315918e-01 -6.397259980440139771e-02 -3.622042387723922729e-02 -2.214359998703002930e+00 6.275337189435958862e-02 9.974547624588012695e-01 -3.385393694043159485e-02 2.657859325408935547e+00 3.829395771026611328e-02 3.148937970399856567e-02 9.987702369689941406e-01 2.381112098693847656e+00
9.983521103858947754e-01 3.403606265783309937e-02 -4.620161280035972595e-02 -3.185999870300292969e+00 -3.325289115309715271e-02 9.992917180061340332e-01 1.761547103524208069e-02 3.748130500316619873e-01 4.676845297217369080e-02 -1.605010591447353363e-02 9.987767934799194336e-01 -3.097515821456909180e+00
9.928767085075378418e-01 -5.540385842323303223e-02 -1.054809913039207458e-01 2.804415464401245117e+00 6.690357625484466553e-02 9.918090105056762695e-01 1.088059023022651672e-01 -6.444225907325744629e-01 9.858873486518859863e-02 -1.150878965854644775e-01 9.884508252143859863e-01 -4.413136959075927734e+00
9.989439845085144043e-01 -1.063665654510259628e-02 -4.469579458236694336e-02 1.308249711990356445e+00 1.059483550488948822e-02 9.999431967735290527e-01 -1.172488671727478504e-03 1.318147659301757812e+00 4.470572620630264282e-02 6.977059529162943363e-04 9.989999532699584961e-01 4.977652072906494141e+00
9.999732971191406250e-01 1.202184590511023998e-03 7.207586895674467087e-03 2.135747075080871582e-01 -1.064900425262749195e-03 9.998185634613037109e-01 -1.902083866298198700e-02 -2.095348596572875977e+00 -7.229146081954240799e-03 1.901265606284141541e-02 9.997931122779846191e-01 -4.724653720855712891e+00
9.977295398712158203e-01 4.678045585751533508e-02 4.844946786761283875e-02 4.460636615753173828e+00 -4.843346402049064636e-02 9.982635974884033203e-01 3.352504596114158630e-02 3.060751676559448242e+00 -4.679702222347259521e-02 -3.579550236463546753e-02 9.982628822326660156e-01 -3.493730068206787109e+00
9.996200203895568848e-01 -4.288133699446916580e-03 -2.722802571952342987e-02 4.884667396545410156e+00 7.221607957035303116e-03 9.940623641014099121e-01 1.085716336965560913e-01 -1.031617045402526855e+00 2.660078741610050201e-02 -1.087270155549049377e-01 9.937157034873962402e-01 -4.075306415557861328e+00
9.946377277374267578e-01 9.995888918638229370e-02 2.653374522924423218e-02 -1.597793102264404297e+00 -1.002100482583045959e-01 9.949315786361694336e-01 8.307470940053462982e-03 4.730626106262207031e+00 -2.556885592639446259e-02 -1.092187222093343735e-02 9.996134042739868164e-01 -6.691299080848693848e-01
9.978821873664855957e-01 6.176895275712013245e-02 -2.039145864546298981e-02 -5.481401681900024414e-01 -6.282598525285720825e-02 9.964480996131896973e-01 -5.607141554355621338e-02 -3.299421310424804688e+00 1.685555838048458099e-02 5.723377317190170288e-02 9.982185363769531250e-01 2.698318004608154297e+00
9.970024228096008301e-01 -1.903028786182403564e-02 7.499361783266067505e-02 3.125024795532226562e+00 1.585704833269119263e-02 9.989628195762634277e-01 4.268404841423034668e-02 4.455891132354736328e+00 -7.572812587022781372e-02 -4.136691987514495850e-02 9.962700605392456055e-01 -3.457194566726684570e+00
9.987511038780212402e-01 3.496187180280685425e-02 -3.569287061691284180e-02 -3.937640666961669922e+00 -3.556770458817481995e-02 9.992313385009765625e-01 -1.648177765309810638e-02 1.896812677383422852e+00 3.508919849991798401e-02 1.773070544004440308e-02 9.992269277572631836e-01 -1.593177437782287598e+00
9.921007156372070312e-01 3.003086522221565247e-02 -1.217958480119705200e-01 3.098032951354980469e+00 -1.818888448178768158e-02 9.950987100601196289e-01 9.719928354024887085e-02 2.434304714202880859e+00 1.241178736090660095e-01 -9.421615302562713623e-02 9.877843856811523438e-01 -4.751913547515869141e-01
9.931296110153198242e-01 8.921707421541213989e-02 7.572293281555175781e-02 9.338346123695373535e-01 -8.309910446405410767e-02 9.932904243469238281e-01 -8.042859286069869995e-02 -8.653497695922851562e-02 -8.239046484231948853e-02 7.358349859714508057e-02 9.938799142837524414e-01 -3.119511604309082031e-01
9.981621503829956055e-01 -4.650735761970281601e-03 -6.042082607746124268e-02 -3.055565357208251953e+00 6.336296442896127701e-03 9.995952248573303223e-01 2.773543819785118103e-02 3.331382989883422852e+00 6.026737764477729797e-02 -2.806730940937995911e-02 9.977875947952270508e-01 3.339711666107177734e+00
9.900422096252441406e-01 -1.319246441125869751e-01 -4.911458119750022888e-02 -8.062036037445068359e-01 1.337989717721939087e-01 9.903157353401184082e-01 3.704740107059478760e-02 -1.493138432502746582e+00 4.375147819519042969e-02 -4.324996843934059143e-02 9.981058239936828613e-01 -1.377525568008422852e+00
9.902002811431884766e-01 -1.394258290529251099e-01 -7.985719479620456696e-03 -3.405926465988159180e+00 1.394966691732406616e-01 9.901804327964782715e-01 9.130639955401420593e-03 3.053709506988525391e+00 6.634255871176719666e-03 -1.015514507889747620e-02 9.999263882637023926e-01 -3.008597373962402344e+00
9.928629994392395020e-01 -8.713901787996292114e-02 8.142352104187011719e-02 4.347263336181640625e+00 9.259085357189178467e-02 9.935300350189208984e-01 -6.576488912105560303e-02 -4.673756122589111328e+00 -7.516602426767349243e-02 7.283460348844528198e-02 9.945075511932373047e-01 7.106185555458068848e-01
9.864180088043212891e-01 -1.267686784267425537e-01 1.044471338391304016e-01 1.531688809394836426e+00 1.248874738812446594e-01 9.918712377548217773e-01 2.438505552709102631e-02 -4.810233116149902344e-01 -1.066893637180328369e-01 -1.100971829146146774e-02 9.942314028739929199e-01 5.770195126533508301e-01
9.972552061080932617e-01 5.261396989226341248e-02 -5.209502205252647400e-02 6.829799413681030273e-01 -5.232314392924308777e-02 9.986061453819274902e-01 6.931690033525228500e-03 -1.130969405174255371e+00 5.238711088895797729e-02 -4.186888691037893295e-03 9.986180663108825684e-01 -3.248574495315551758e+00
9.994488954544067383e-01 -3.081992268562316895e-02 -1.232730783522129059e-02 9.657396003603935242e-03 3.109440021216869354e-02 9.992579817771911621e-01 2.273097075521945953e-02 3.849203348159790039e+00 1.161759346723556519e-02 -2.310175448656082153e-02 9.996656179428100586e-01 -1.220966577529907227e+00
9.998772740364074707e-01 -1.334424596279859543e-02 -8.211748674511909485e-03 3.599261045455932617e+00 1.282885484397411346e-02 9.981217980384826660e-01 -5.990232899785041809e-02 -1.428335905075073242e+00 8.995676413178443909e-03 5.978963151574134827e-02 9.981704354286193848e-01 2.231718778610229492e+00
9.970248937606811523e-01 -7.430723309516906738e-02 2.049101889133453369e-02 -1.526117920875549316e+00 7.216007262468338013e-02 9.932520389556884766e-01 9.079267829656600952e-02 -1.885683089494705200e-01 -2.709930017590522766e-02 -8.904392272233963013e-02 9.956589937210083008e-01 -7.577176690101623535e-01
9.998362064361572266e-01 -1.720052212476730347e-02 -5.636158399283885956e-03 -4.849780559539794922e+00 1.729441061615943909e-02 9.997049570083618164e-01 1.705617271363735199e-02 -1.919412136077880859e+00 5.341120529919862747e-03 -1.715085282921791077e-02 9.998386502265930176e-01 -4.027845382690429688e+00
9.996517896652221680e-01 -1.164720393717288971e-02 2.367781288921833038e-02 -3.525795936584472656e+00 1.116375252604484558e-02 9.997286200523376465e-01 2.044861204922199249e-02 -3.999406576156616211e+00 -2.390955388545989990e-02 -2.017715945839881897e-02 9.995105266571044922e-01 -3.712790250778198242e+00
9.960091710090637207e-01 -6.361564248800277710e-02 -6.259968131780624390e-02 -1.194880247116088867e+00 6.782317161560058594e-02 9.954075217247009277e-01 6.755644083023071289e-02 -3.421707749366760254e-01 5.801454558968544006e-02 -7.153255492448806763e-02 9.957497119903564453e-01 3.629028320312500000e+00
9.995641708374023438e-01 -2.066673338413238525e-02 2.108136937022209167e-02 2.580719709396362305e+00 2.020252496004104614e-02 9.995538592338562012e-01 2.200009301304817200e-02 2.704016685485839844e+00 -2.152663469314575195e-02 -2.156460657715797424e-02 9.995356798171997070e-01 1.332944869995117188e+00
9.959312677383422852e-01 -8.469485491514205933e-02 -3.078603744506835938e-02 4.407973289489746094e+00 8.823458850383758545e-02 9.859179258346557617e-01 1.420581042766571045e-01 5.014215469360351562e+00 1.832091808319091797e-02 -1.441964954137802124e-01 9.893794655799865723e-01 2.046473503112792969e+00
9.993267059326171875e-01 3.030861727893352509e-02 -2.067510224878787994e-02 1.391600728034973145e+00 -3.034694492816925049e-02 9.995382428169250488e-01 -1.542586949653923512e-03 1.562592744827270508e+00 2.061880007386207581e-02 2.168974373489618301e-03 9.997850656509399414e-01 -4.932841777801513672e+00
9.887434840202331543e-01 1.738247461616992950e-02 -1.486073583364486694e-01 -5.530261993408203125e+00 -6.087138317525386810e-03 9.970795512199401855e-01 7.612739503383636475e-02 -7.663871645927429199e-01 1.494966298341751099e-01 -7.436586916446685791e-02 9.859617352485656738e-01 3.340633392333984375e+00
