0000000 000009 -1.780495256963494574e-02 9.998114378245674949e-01 -7.810190044692918478e-03 8.615339039680888789e+01 -9.997236684644954519e-01 -1.768224957375075235e-02 1.550824914742078044e-02 5.661243639362101021e+01 1.536724095257121017e-02 8.084159678845511537e-03 9.998497047803354132e-01 -7.820092478274247583e-01
0000001 000010 -1.920106081847322912e-02 9.997555971594233037e-01 -1.097354952425752886e-02 8.542206773880153037e+01 -9.997037162528551457e-01 -1.903336171777217020e-02 1.518800931540811514e-02 5.647062326444302016e+01 1.497541164540876733e-02 1.126191166663491339e-02 9.998240336471305723e-01 -6.995859479979245066e-01
0000002 000011 -2.023560939271867518e-02 9.997318666313556035e-01 -1.125889114071705090e-02 8.471840174156636749e+01 -9.996801908535921655e-01 -2.006110988015564339e-02 1.540216890173174390e-02 5.636072745051569655e+01 1.517215281818248308e-02 1.156695433669898548e-02 9.998175849510616553e-01 -6.890902975752588588e-01
0000003 000013 -2.267946947118750292e-02 9.997002920438532447e-01 -9.238205414349704922e-03 8.326630898467409736e+01 -9.996685199237116404e-01 -2.256399923533622398e-02 1.241789444132465267e-02 5.610716449301662578e+01 1.220569832002290842e-02 9.516761010817428867e-03 9.998798148462493263e-01 -6.950500083445660948e-01
0000004 000014 -2.352463712277245642e-02 9.997082362841135383e-01 -5.561986187066585846e-03 8.247110153991847881e+01 -9.996751266301007188e-01 -2.346838725558066455e-02 9.971595838929710187e-03 5.600998391871098647e+01 9.838177752832801340e-03 5.794762619517255381e-03 9.999352821988137796e-01 -6.683009107540911486e-01
0000005 000015 -2.523812121051457330e-02 9.996501340524285295e-01 -7.937577056580765594e-03 8.181111122645700107e+01 -9.996133822654114098e-01 -2.514277811999730480e-02 1.189101973463324406e-02 5.585304777822693723e+01 1.168726303175075115e-02 8.234601639561842101e-03 9.998973903335065527e-01 -7.800030119609715484e-01
0000007 000016 -2.628644426483845928e-02 9.996124383421918225e-01 -9.171396208080983062e-03 8.109726760790370292e+01 -9.995675353141546537e-01 -2.616199371636689086e-02 1.343585806338521219e-02 5.575255189279369006e+01 1.319068681304959648e-02 9.520600622256680801e-03 9.998672691139480762e-01 -7.717355078699590365e-01
0000008 000017 -2.708484718546309497e-02 9.995792316963004742e-01 -1.041183718306250977e-02 8.030369405460102428e+01 -9.995653730357261235e-01 -2.695992649961042806e-02 1.195718861551571012e-02 5.566760769972142953e+01 1.167143037924654562e-02 1.073115419369435539e-02 9.998738980556651779e-01 -5.950122453418789092e-01
0000009 000018 -2.777100519104097262e-02 9.995445625526203637e-01 -1.182920208202818159e-02 7.956577928913877429e+01 -9.995478883573806206e-01 -2.763048454605751200e-02 1.188182313359001721e-02 5.559318883291462043e+01 1.154954089787296918e-02 1.215381006876147148e-02 9.998590325438714288e-01 -4.815955578084292199e-01
0000010 000019 -2.908799460566819164e-02 9.995312842789844110e-01 -9.546583782214259489e-03 7.877902220237022846e+01 -9.995061855677450646e-01 -2.897067901142741375e-02 1.220444583592512379e-02 5.547247595222324890e+01 1.192213807515522979e-02 9.896827577250241065e-03 9.998803499981506748e-01 -4.334496134966734360e-01
0000011 000020 -3.057159575538905688e-02 9.994378475027974051e-01 -1.376463163715175783e-02 7.803663749491590806e+01 -9.994152967362053275e-01 -3.035406292623303234e-02 1.574501442109362687e-02 5.534374662114169041e+01 1.531833035613261104e-02 1.423792584932000171e-02 9.997808870199890174e-01 -5.521737681781324625e-01
0000012 000021 -3.154060665853689743e-02 9.993974075132774360e-01 -1.449316009373357271e-02 7.731147421905697570e+01 -9.993756545368445154e-01 -3.130224162328552884e-02 1.638968929881457273e-02 5.525430212836045030e+01 1.592612488577639998e-02 1.500104552158497070e-02 9.997602307506728847e-01 -5.325118778922011131e-01
0000013 000022 -3.239906886545902698e-02 9.993667710275513372e-01 -1.472910155312172516e-02 7.658117532560015661e+01 -9.993532607731639983e-01 -3.216125144950118114e-02 1.610635269772164521e-02 5.517197890547959105e+01 1.562242409521857889e-02 1.524139197223451855e-02 9.997613873840685006e-01 -5.025803055481752324e-01
0000014 000023 -3.379673464451933562e-02 9.993755653088195468e-01 -1.031389041999986565e-02 7.579931776435586244e+01 -9.993108843330558155e-01 -3.363213719461112527e-02 1.573462289234812267e-02 5.504689558146901618e+01 1.537790290547843067e-02 1.083851540072053657e-02 9.998234071023137659e-01 -5.787410060805235901e-01
0000015 000024 -3.496036311997172824e-02 9.993093253817382227e-01 -1.260398544238418815e-02 7.510509073172914896e+01 -9.992723810947823360e-01 -3.476096551739907975e-02 1.570701513652919545e-02 5.494189477039935809e+01 1.525801878112143482e-02 1.314392759112444943e-02 9.997967902881443880e-01 -6.470664339522187447e-01
0000016 000025 -3.619244579321873045e-02 9.993123236380045959e-01 -8.053920794172145584e-03 7.431331640476122402e+01 -9.992254464986538576e-01 -3.606216590363059415e-02 1.577125860545334005e-02 5.483257255255784912e+01 1.546995600329381312e-02 8.618440681327414407e-03 9.998435886754571955e-01 -7.580751691303397877e-01
0000017 000026 -3.748415405814876922e-02 9.992410264146881493e-01 -1.060640827518560120e-02 7.356024137252293826e+01 -9.991779221766776686e-01 -3.731346264869263990e-02 1.585822767017092128e-02 5.471882931970594655e+01 1.545040886294177934e-02 1.119211086101050932e-02 9.998175900440237074e-01 -8.144146280929405179e-01
0000018 000027 -3.866650477373259620e-02 9.992247549220092395e-01 -7.423809245363100461e-03 7.282815011747877065e+01 -9.991319291356622889e-01 -3.854522497709304135e-02 1.583674000303362389e-02 5.461742386887272005e+01 1.553829253266454311e-02 8.029670134440754573e-03 9.998474307764012581e-01 -8.146239127725607432e-01
0000019 000028 -3.993488284920275466e-02 9.991458444837737485e-01 -1.065154472284196401e-02 7.213725053593041991e+01 -9.990810980068344227e-01 -3.976147197119411086e-02 1.602389543993913701e-02 5.450939523205124715e+01 1.558666384638834716e-02 1.128165292629911345e-02 9.998144688415675496e-01 -8.236327873085365070e-01
0000020 000029 -4.084440153107884303e-02 9.991202430792415212e-01 -9.519424033112221586e-03 7.134452144156145437e+01 -9.990602552397180869e-01 -4.069986756331934324e-02 1.491252406355537095e-02 5.442481924530511606e+01 1.451194400988416872e-02 1.011956101598605190e-02 9.998430826037563168e-01 -8.484301372512774719e-01
0000021 000030 -4.180781196492157348e-02 9.990877671454134745e-01 -8.713884875906416708e-03 7.055366287132109449e+01 -9.990302808274285074e-01 -4.168161847000919490e-02 1.419308098284856150e-02 5.433705794200341188e+01 1.381690277415644624e-02 9.298805290211846139e-03 9.998608989810320313e-01 -8.696469778388049576e-01
0000022 000031 -4.289072244880872548e-02 9.990603416478857079e-01 -6.298379614290985050e-03 6.981880975940252654e+01 -9.989898128410241718e-01 -4.280128923531480167e-02 1.370798500090960638e-02 5.424402586109181357e+01 1.342554505542933874e-02 6.879967833778238145e-03 9.998866728574876683e-01 -8.517191630718521367e-01
0000023 000032 -4.398400680491554304e-02 9.989795157351798460e-01 -1.029749071981057688e-02 6.904255174678006313e+01 -9.989511664162790128e-01 -4.384644817706538633e-02 1.322390080197726435e-02 5.415225758290534941e+01 1.275887304129255488e-02 1.086831337444424568e-02 9.998591315135569868e-01 -7.131881296414412930e-01
0000024 000033 -4.514415864374388826e-02 9.989122517060474715e-01 -1.168174483743402228e-02 6.832017545149774662e+01 -9.989007501313531545e-01 -4.498960925864715216e-02 1.317128466151095724e-02 5.405744108330645759e+01 1.263137813645743429e-02 1.226350095837430015e-02 9.998446112922556583e-01 -6.189645940721817396e-01
0000025 000034 -4.606872528980617693e-02 9.988689991385975020e-01 -1.178118797771280854e-02 6.752256144929913262e+01 -9.988690479432572600e-01 -4.592322285984414693e-02 1.233674883994509419e-02 5.397575841397338081e+01 1.178174205414461544e-02 1.233618955081483906e-02 9.998540898161587531e-01 -5.722874897980769759e-01
0000026 000035 -4.684913786173941497e-02 9.988388613152188178e-01 -1.124876530281194130e-02 6.678242097323887094e+01 -9.988279584272689027e-01 -4.670534138812400954e-02 1.272317982368171251e-02 5.390630194960431254e+01 1.218300522970008556e-02 1.183163774676209389e-02 9.998553788759917405e-01 -6.357089414202654609e-01
0000027 000036 -4.749614413408911190e-02 9.988155787045398526e-01 -1.057912500141005088e-02 6.596937500687457145e+01 -9.987952142376491649e-01 -4.735882172901727249e-02 1.287382363121498258e-02 5.384533230532406378e+01 1.235753731921418290e-02 1.117782378626012117e-02 9.998607600338598189e-01 -6.915370961434916808e-01
0000028 000037 -4.781400299910550100e-02 9.988037766754955804e-01 -1.025783179122154859e-02 6.520323800993624275e+01 -9.987801382727404809e-01 -4.768084252926745037e-02 1.285575373950404582e-02 5.380777290167543470e+01 1.235124984022100032e-02 1.085999065715852023e-02 9.998643403799057916e-01 -7.183585476215839094e-01
0000029 000038 -4.804811070827022523e-02 9.988106885507249677e-01 -8.323042181324166733e-03 6.441838778299465673e+01 -9.987659595272530000e-01 -4.793768549056860034e-02 1.299529806007164445e-02 5.377626918514442877e+01 1.258087610055961224e-02 8.937177095162772769e-03 9.998813860530618713e-01 -7.111336238954102384e-01
0000030 000039 -4.800208233251797296e-02 9.987802083292115496e-01 -1.157851414193012546e-02 6.357830850157476021e+01 -9.987639492643268779e-01 -4.784503584443026286e-02 1.347976737769784362e-02 5.376358053939975434e+01 1.290932816006831220e-02 1.221124980159788223e-02 9.998417007299410519e-01 -6.767916963427644816e-01
0000031 000040 -4.768752105268397185e-02 9.988142862918115705e-01 -9.814691852724972618e-03 6.269871536138009560e+01 -9.987835405789344811e-01 -4.755804938810824500e-02 1.302816919704814433e-02 5.376547091219890717e+01 1.254597601795804686e-02 1.042404291039920015e-02 9.998674289960840511e-01 -6.267838091692823355e-01
0000032 000041 -4.723014270684693788e-02 9.988060916805648892e-01 -1.248247625194611778e-02 6.190405970462820306e+01 -9.988245528488460812e-01 -4.708714360171717406e-02 1.151226868720740294e-02 5.377628546433970769e+01 1.091073677541203914e-02 1.301152148426190126e-02 9.998554135863878534e-01 -5.289070337755799045e-01
0000033 000042 -4.639286553203705171e-02 9.988513405178224280e-01 -1.199798682551992367e-02 6.107770337477146683e+01 -9.988669096775714129e-01 -4.625910446429576384e-02 1.119613879164219929e-02 5.381094206496118204e+01 1.062823830224192759e-02 1.250380238232211456e-02 9.998649345993565474e-01 -5.490134175866945299e-01
0000034 000043 -4.512817505407339808e-02 9.989117793652743105e-01 -1.177505211486867646e-02 6.016347773820709932e+01 -9.989238070427874927e-01 -4.499606561833676549e-02 1.125345314933676177e-02 5.387076243197998338e+01 1.071135309244816529e-02 1.227022120442711542e-02 9.998669414135755718e-01 -5.758201954644821541e-01
0000035 000044 -4.357596208799312948e-02 9.990105796974609875e-01 -8.948166236155850536e-03 5.922179892145042146e+01 -9.989974307613536109e-01 -4.347960630843551028e-02 1.069510746875401361e-02 5.394511299366195090e+01 1.029548392109684400e-02 9.405246537363600584e-03 9.999032363326192385e-01 -5.829333162284857650e-01
0000036 000045 -4.247683084369279632e-02 9.990560633191633011e-01 -9.140502103650265456e-03 5.838272525864496032e+01 -9.990430503041747290e-01 -4.237704406321494977e-02 1.084771721609826059e-02 5.399428021433823233e+01 1.045015191733168237e-02 9.592536090587780798e-03 9.998998526118414443e-01 -5.880828568287039815e-01
0000037 000046 -4.127020959446103809e-02 9.991061252551399763e-01 -9.182919679778887151e-03 5.747366069987291581e+01 -9.990967888984958467e-01 -4.117316043595396075e-02 1.051848710913919592e-02 5.404687699548912860e+01 1.013101774199896658e-02 9.608732826740351562e-03 9.999029814846968067e-01 -5.773727491089317709e-01
0000038 000047 -4.026359252219854218e-02 9.991386430976333388e-01 -1.005947747022672457e-02 5.663917120975936825e+01 -9.991237921853852733e-01 -4.014381281142823110e-02 1.183873955821476524e-02 5.409037697952589951e+01 1.142473916678077815e-02 1.052734297839826895e-02 9.998797868193940452e-01 -6.085202432534568828e-01
0000039 000048 -3.993546913510830076e-02 9.991297146939425167e-01 -1.205459753466683707e-02 5.583945821070338411e+01 -9.991150752161872539e-01 -3.976971805564576135e-02 1.369062459811862600e-02 5.409685648851882434e+01 1.319932409719705435e-02 1.259068124391761988e-02 9.998340814313924074e-01 -6.038794772010369627e-01
0000040 000049 -3.989035924395003402e-02 9.990829124651459114e-01 -1.558246937104640871e-02 5.500528559971425580e+01 -9.991111795434127751e-01 -3.966868088923614782e-02 1.428559336199327311e-02 5.408453358213864703e+01 1.365433157030439618e-02 1.613846040267687132e-02 9.997761255610354558e-01 -5.770877464695267633e-01
0000041 000050 -3.981287469261124423e-02 9.991123445064961084e-01 -1.379542257403867413e-02 5.414496005247347199e+01 -9.991265540099654174e-01 -3.963022984323753828e-02 1.326970113005538493e-02 5.406936912014452901e+01 1.271122639584344391e-02 1.431168049918814418e-02 9.998172524815984730e-01 -5.074165654600442110e-01
0000042 000051 -3.965735107186044855e-02 9.991598672486688981e-01 -1.033851204163997728e-02 5.335902122666313119e+01 -9.991467391279315047e-01 -3.953271504667684594e-02 1.199226622570692333e-02 5.405798524317287956e+01 1.157346536905061278e-02 1.080522666863146034e-02 9.998750425878739634e-01 -5.797317269891362201e-01
0000043 000053 -3.906129339081770846e-02 9.991736776043849133e-01 -1.123627522337445651e-02 5.173102155244752254e+01 -9.991469142169646656e-01 -3.890439373416042235e-02 1.385929088491097069e-02 5.405403691890887785e+01 1.341067655358594082e-02 1.176804292241221371e-02 9.998404166643088953e-01 -8.057560428494099369e-01
0000044 000054 -3.832045282814124793e-02 9.991657462644392140e-01 -1.412212739557099951e-02 5.084677876847469946e+01 -9.991812636403927250e-01 -3.812979120167282049e-02 1.353192273781832732e-02 5.407600460072626447e+01 1.298213816291699657e-02 1.462910725003447460e-02 9.998083042230622164e-01 -6.468996310628334356e-01
0000045 000055 -3.757749894853104622e-02 9.992062358275618505e-01 -1.324028461177746349e-02 5.001008110743804735e+01 -9.992207064576539288e-01 -3.741054615205787609e-02 1.263850253206796198e-02 5.409761918618869458e+01 1.213312597247066804e-02 1.370483654972403688e-02 9.998328676660568348e-01 -5.043206808341942349e-01
0000047 000056 -3.681131986370183434e-02 9.992213704475436664e-01 -1.421237306039231131e-02 4.919291290529005067e+01 -9.992534925782932120e-01 -3.663747043163489286e-02 1.230410243864910914e-02 5.411932223750363846e+01 1.177379871740290122e-02 1.465464024307344508e-02 9.998236932857086368e-01 -4.499046274526037337e-01
0000048 000057 -3.597686323488104992e-02 9.992171210288275374e-01 -1.647004081156556998e-02 4.832992040892111163e+01 -9.992680053462521528e-01 -3.575410569392633436e-02 1.362573659751736485e-02 5.414257684591348152e+01 1.302617421586674609e-02 1.694818405434880826e-02 9.997711086839927708e-01 -5.684477513164551965e-01
0000050 000058 -3.546615528423594649e-02 9.992910437992491568e-01 -1.264681039660375469e-02 4.751849946924419754e+01 -9.992625713236836793e-01 -3.527315760559943114e-02 1.517080194488681574e-02 5.415100141610400897e+01 1.471397487816825632e-02 1.317554327479416622e-02 9.998054020026995170e-01 -7.318301426447071378e-01
0000051 000059 -3.543871242311176506e-02 9.992783380075650479e-01 -1.367852900691004549e-02 4.669472171716664377e+01 -9.992481713334504523e-01 -3.521554248076604055e-02 1.622560966741179445e-02 5.413541259271050876e+01 1.573218259398230165e-02 1.424325055924026938e-02 9.997743845854456524e-01 -8.514010801885980584e-01
0000052 000060 -3.570085434088308973e-02 9.992903833725204077e-01 -1.203058753180244120e-02 4.587186503121792924e+01 -9.992360362318541966e-01 -3.550196526705376443e-02 1.635916005340671067e-02 5.410379686969054092e+01 1.592041893355013865e-02 1.260541789931672076e-02 9.997933964392170525e-01 -9.413989335456101060e-01
0000053 000061 -3.621705984704821912e-02 9.993022083573894765e-01 -9.156910702509842709e-03 4.511152595155650147e+01 -9.992125108364831032e-01 -3.606215123149160429e-02 1.655181482531845050e-02 5.406236615497846287e+01 1.621006734480155004e-02 9.749166667242700410e-03 9.998215467530549017e-01 -9.869023486472627837e-01
0000054 000062 -3.665732438579698271e-02 9.992604882229491059e-01 -1.162327638798412756e-02 4.430600599837280384e+01 -9.992054188159442685e-01 -3.646807118662314523e-02 1.609675578590424178e-02 5.402456149911449756e+01 1.566095158904346266e-02 1.220409222815210110e-02 9.998024737815799368e-01 -9.589674104397900578e-01
0000055 000063 -3.705463219240320849e-02 9.992696866419935597e-01 -9.362710518595329656e-03 4.353548285468379220e+01 -9.991921406251550453e-01 -3.690257955174015142e-02 1.592273882769806165e-02 5.398942644134967850e+01 1.556562147487715320e-02 9.945164853456114201e-03 9.998298570291384024e-01 -9.605940338663252476e-01
0000056 000064 -3.749806713439789857e-02 9.992303677181980648e-01 -1.154004833871899796e-02 4.272653071926695389e+01 -9.991876413059690432e-01 -3.732057735140843074e-02 1.522986900645735379e-02 5.395164897520407976e+01 1.478744279766043036e-02 1.210174882525354677e-02 9.998170188089159360e-01 -9.311820123275751371e-01
0000057 000065 -3.793960919360269551e-02 9.992506398718629113e-01 -7.694839741939327876e-03 4.195543182675895366e+01 -9.991925360094697783e-01 -3.783323095833657224e-02 1.352936284608333671e-02 5.391380845282310474e+01 1.322812524895525775e-02 8.201934017172483188e-03 9.998793340864546852e-01 -9.148210344793064053e-01
0000058 000066 -3.806393302523591871e-02 9.992284263943500555e-01 -9.707610540151540013e-03 4.112535020506920347e+01 -9.992329697086057561e-01 -3.797074480604951952e-02 9.610145351420981349e-03 5.388625180392227776e+01 9.234099982700545023e-03 1.006594897579712183e-02 9.999062956661038948e-01 -7.193538671716641630e-01
0000059 000067 -3.870213808631074726e-02 9.992120936229733630e-01 -8.814008090138100021e-03 4.037552730888746311e+01 -9.991915743924389970e-01 -3.860212029609669943e-02 1.124880498412902420e-02 5.384431712991226959e+01 1.089967854434385763e-02 9.242222265322119767e-03 9.998974799058638618e-01 -8.535582478117405003e-01
0000060 000068 -3.912953348238436962e-02 9.991942521399239663e-01 -8.939432258702785516e-03 3.954732169967753208e+01 -9.991646590801760430e-01 -3.901962759410297632e-02 1.215530599122894607e-02 5.381215003466786584e+01 1.179667549170750236e-02 9.407585149239857877e-03 9.998857573417340161e-01 -9.056788566174844846e-01
0000061 000069 -3.830072040692378971e-02 9.992354614870189167e-01 -7.897049781630888221e-03 3.870210173013673938e+01 -9.992024137201375167e-01 -3.820757616212903246e-02 1.162707807225094384e-02 5.382597284296798534e+01 1.131648282717251375e-02 8.336081825118708127e-03 9.999016874947412870e-01 -8.409310395974145536e-01
0000062 000070 -3.783499988441235695e-02 9.991860914139119032e-01 -1.400242667325610549e-02 3.783713793629754463e+01 -9.992378600254856469e-01 -3.769450656514551634e-02 1.016538302272787346e-02 5.382560844647514386e+01 9.629270033032563333e-03 1.437635002411326648e-02 9.998498835928525397e-01 -6.259257601198129350e-01
0000063 000071 -3.786579324248252887e-02 9.991226919670592732e-01 -1.790110759877469940e-02 3.705082731676029084e+01 -9.992241129378491848e-01 -3.766284550194116260e-02 1.154188528042991366e-02 5.381171878686473065e+01 1.085752856356378415e-02 1.832424985353818883e-02 9.997727381386786183e-01 -5.650302366337314197e-01
0000064 000072 -3.768363638814161559e-02 9.991150865484793586e-01 -1.869047562388913286e-02 3.619181472767160557e+01 -9.992038765836991354e-01 -3.742832175826760893e-02 1.382720836418612799e-02 5.380636519445215527e+01 1.311539644365137570e-02 1.919664563186226913e-02 9.997292969105011640e-01 -6.744612250863752934e-01
0000065 000073 -3.695091392790030016e-02 9.991863318279641248e-01 -1.617095672531797604e-02 3.537206801022335156e+01 -9.992244045061515756e-01 -3.672208574628967742e-02 1.422620402030226085e-02 5.381620743803478035e+01 1.362077546811469100e-02 1.668407776255796671e-02 9.997676269555196837e-01 -7.939001274024661825e-01
0000066 000074 -3.666431519636804970e-02 9.992718503857632717e-01 -1.059039862550039193e-02 3.449805319926849734e+01 -9.992301872533947416e-01 -3.651056628845707197e-02 1.436405684063932903e-02 5.380735320301664615e+01 1.396695634227489505e-02 1.110890035047594482e-02 9.998412145443545951e-01 -9.222394971195839730e-01
0000067 000075 -3.640446027223672582e-02 9.992858284437489136e-01 -1.015455534805187292e-02 3.369882706596522581e+01 -9.992348233969767790e-01 -3.625337610517544856e-02 1.468612381142940862e-02 5.380078682212342756e+01 1.430751889312777657e-02 1.068143294531828137e-02 9.998410572346921876e-01 -9.589308442286004208e-01
0000068 000077 -3.571058549644511027e-02 9.992575134888596056e-01 -1.446329089503670118e-02 3.203426118454633098e+01 -9.992729238631703481e-01 -3.551017721174410530e-02 1.388428344856209098e-02 5.379170676349303903e+01 1.336035936929959832e-02 1.494858479386697997e-02 9.997985959579830384e-01 -8.680211780420101775e-01
0000069 000078 -3.495886836659313490e-02 9.992727829769605385e-01 -1.524732106269060042e-02 3.114129174134829725e+01 -9.992995642711839377e-01 -3.474738730805876363e-02 1.392154304579256915e-02 5.379743781739216502e+01 1.338158989832097072e-02 1.572330652548449906e-02 9.997864284950270797e-01 -8.559997439627480276e-01
0000071 000079 -3.409473516007694577e-02 9.992970154908642488e-01 -1.560837018700676759e-02 3.030856610512306659e+01 -9.993403700718348492e-01 -3.389204988196213575e-02 1.307143437496224338e-02 5.380791321788137793e+01 1.253322131707436393e-02 1.604372694813764252e-02 9.997923329981358576e-01 -8.091481136831717436e-01
0000072 000080 -3.230987564524726019e-02 9.993599757603734979e-01 -1.536223839289841547e-02 2.936238002304658679e+01 -9.994007123091223077e-01 -3.211229773017111599e-02 1.293891385005666722e-02 5.384223068553592384e+01 1.243729288171794775e-02 1.577107681902706338e-02 9.997978689699589250e-01 -8.181476787958992247e-01
0000073 000081 -3.068574278133394048e-02 9.994028546609849961e-01 -1.590384568159641798e-02 2.849102814982803977e+01 -9.994762604778726356e-01 -3.051609368847276599e-02 1.080264003601598584e-02 5.387094659289004994e+01 1.031084084349119523e-02 1.622698835731097022e-02 9.998147645461212818e-01 -6.987665204108122197e-01
0000074 000082 -2.858617857401865581e-02 9.994835766638165975e-01 -1.469743515189275360e-02 2.753201534959503505e+01 -9.995481032275775890e-01 -2.844454014544346016e-02 9.757708437267562790e-03 5.391101742820228537e+01 9.334582080854851582e-03 1.496971395197243225e-02 9.998439704586553622e-01 -6.878369306686291651e-01
0000075 000083 -2.579799156278172675e-02 9.995764638332501617e-01 -1.347984257861625096e-02 2.660147325033262433e+01 -9.996066107609675733e-01 -2.564536990740700489e-02 1.137539004809387695e-02 5.397168287255726682e+01 1.102485267375080333e-02 1.376799042657600794e-02 9.998440313462312323e-01 -8.206880434192562745e-01
0000076 000084 -2.249360387730297769e-02 9.996693441602858554e-01 -1.248983703388251328e-02 2.564281700022925037e+01 -9.996723296422215244e-01 -2.233704806189426573e-02 1.253621504671768860e-02 5.404383871260006345e+01 1.225305874354219900e-02 1.276771156020738845e-02 9.998430076983011450e-01 -9.198006090400703272e-01
0000077 000085 -1.844167471160912744e-02 9.997691138845024028e-01 -1.105193090682395074e-02 2.457921545040337108e+01 -9.997768810825194974e-01 -1.832535518404833016e-02 1.053575274417990586e-02 5.412653621519666558e+01 1.033076484193260272e-02 1.124374716946024977e-02 9.998830158794014267e-01 -8.524287703850284004e-01
0000078 000086 -1.443494530397992567e-02 9.998498391788550599e-01 -9.599498420166734450e-03 2.351905465622607494e+01 -9.998515764433630881e-01 -1.434317284820444370e-02 9.561818488148365186e-03 5.420348805855883256e+01 9.422670996333572246e-03 9.736086663589537185e-03 9.999078027042471728e-01 -8.478693309610259021e-01
0000079 000087 -1.110410483430207020e-02 9.999141299415850170e-01 -6.984757973088001094e-03 2.256176491795572758e+01 -9.999336503895944750e-01 -1.108185029682374340e-02 3.217658587209556564e-03 5.425922330206185507e+01 3.139950595156335098e-03 7.020009714251031381e-03 9.999700258029527999e-01 -5.727894947092266875e-01
0000080 000088 -7.239533591891356493e-03 9.999574803120695465e-01 -5.766078924431932914e-03 2.157447046931702772e+01 -9.999554678833760812e-01 -7.204027337957509200e-03 6.155967016755982055e-03 5.432922480898514550e+01 6.114139967655342345e-03 5.810370991365872671e-03 9.999640239098044336e-01 -7.635668962191970444e-01
0000081 000089 -4.192861221579208958e-03 9.999580806882483186e-01 -8.142687958203758541e-03 2.056373754082068217e+01 -9.999249784792857421e-01 -4.098678863917244730e-03 1.154970464663452462e-02 5.438452623283319554e+01 1.151582342603030273e-02 8.190493475143218252e-03 9.998997417660800968e-01 -1.017142552814661371e+00
0000082 000090 -6.656787817944262399e-04 9.999545947342178831e-01 -9.499991806928996876e-03 1.950642946524659749e+01 -9.999060925248679510e-01 -5.353067667072102399e-04 1.371976227750827670e-02 5.444456946859008895e+01 1.371403843984690847e-02 9.508189717822341722e-03 9.998611495255624870e-01 -1.064193408771945570e+00
0000083 000091 5.251920136702053522e-03 9.998699195310731813e-01 -1.527043973059783420e-02 1.842403312406057125e+01 -9.999502227558023648e-01 5.381320138442000252e-03 8.445638695115749786e-03 5.453216029382201668e+01 8.526689400791888016e-03 1.522530839584836961e-02 9.998473271461999490e-01 -7.401350507242696608e-01
0000084 000092 8.990031250733422630e-03 9.998625806447777320e-01 -1.393599037870332964e-02 1.738204345184388444e+01 -9.999433716485557344e-01 9.068769741313601612e-03 5.597659818628668814e-03 5.457522620970667049e+01 5.723246623728734002e-03 1.388486868005050189e-02 9.998868171030849128e-01 -6.247511827291156727e-01
0000085 000093 1.153741064720614426e-02 9.998981079891420265e-01 -8.448516112035174205e-03 1.645749156091758891e+01 -9.998623581249421743e-01 1.163705378024167125e-02 1.184119843149986258e-02 5.460752856996850824e+01 1.193832891621340875e-02 8.310742708517523600e-03 9.998946672411418435e-01 -1.029093019538315446e+00
0000086 000095 1.839502402644128606e-02 9.997878127901831391e-01 -9.273460884033513790e-03 1.447776295702348648e+01 -9.997115047956149914e-01 1.853534748402486942e-02 1.528080310850419947e-02 5.468840513804070724e+01 1.544942723319470135e-02 8.989685199703790694e-03 9.998398334744851290e-01 -1.252957945194872025e+00
0000087 000096 2.262873345057020771e-02 9.996832210013515407e-01 -1.102672858300255375e-02 1.339986719300605955e+01 -9.997358359057265664e-01 2.267197560767507392e-02 3.813175612238865753e-03 5.471966098650682397e+01 4.061938180394090471e-03 1.093751809019473907e-02 9.999315294505869423e-01 -6.194866362689381845e-01
0000088 000097 2.560546895931193126e-02 9.996429576776479919e-01 -7.671686901448332256e-03 1.244417543986529040e+01 -9.996716594786042576e-01 2.561285207090881547e-02 8.649877175168835860e-04 5.473594936329755001e+01 1.061200590053316311e-03 7.647028091035540376e-03 9.999706665563081742e-01 -4.787069469152065437e-01
0000089 000098 2.830255422637551616e-02 9.995778866296617382e-01 -6.608683179936403196e-03 1.153085294253844495e+01 -9.995937883096762677e-01 2.832466407237846720e-02 3.277502768940169630e-03 5.475874931095540887e+01 3.463280827479600903e-03 6.513219017490165345e-03 9.999723876203157058e-01 -6.581836168644201734e-01
0000090 000099 3.150374462231872452e-02 9.994979609247641728e-01 -3.388536738062604241e-03 1.050963549932183128e+01 -9.994955171954953421e-01 3.151706416923290288e-02 3.954400979198570594e-03 5.478029368645957220e+01 4.059184955510782879e-03 3.262235730582426201e-03 9.999860364940871271e-01 -7.361224711722158531e-01
0000091 000100 3.520173689652520560e-02 9.993803559784244506e-01 -4.206505822574132429e-04 9.443646579876627811e+00 -9.993800373719038399e-01 3.520144368404651974e-02 -7.002063417103215892e-04 5.479078922844610133e+01 -6.849365445151481702e-04 4.450492577855754794e-04 1.000000134861000589e+00 -4.872960502581662467e-01
0000093 000101 3.785975713595777364e-02 9.992640141740971593e-01 -6.207862642657012431e-03 8.520739482513249641e+00 -9.992781012274531971e-01 3.783868091607902467e-02 -3.476810096814842051e-03 5.479645514162075415e+01 -3.239383989162977415e-03 6.334996600064621113e-03 9.999742831338184201e-01 -3.136533755231951659e-01
0000094 000102 4.003431886567990899e-02 9.991461986125687034e-01 -1.023567249490444503e-02 7.542974588665316560e+00 -9.991978837934154534e-01 4.001923540492739739e-02 -1.673451659761957368e-03 5.480078966765086079e+01 -1.262427919477718567e-03 1.029444067695998305e-02 9.999458101852053415e-01 -3.937999796918205675e-01
0000095 000103 4.208396046513428884e-02 9.990439480897139735e-01 -1.184391342415528660e-02 6.638197208630799651e+00 -9.991140098671350556e-01 4.208842687187053233e-02 1.287408110806401412e-04 5.480442925956185718e+01 6.270802815089956050e-04 1.182799271554171860e-02 9.999294463942518529e-01 -4.950577377998257589e-01
0000096 000104 4.405341015692282314e-02 9.989661893171423168e-01 -1.121780907579937418e-02 5.737617277526624093e+00 -9.990281410952119856e-01 4.406713085851696882e-02 9.795730941813904098e-04 5.480329665423414554e+01 1.472868170839870035e-03 1.116374624693967053e-02 9.999361948593367133e-01 -5.520919712055203377e-01
0000097 000105 4.517380353044109231e-02 9.989430345038753378e-01 -8.495369839159491038e-03 4.816481596329822423e+00 -9.989762244636357646e-01 4.519282567503694892e-02 2.061606606296385175e-03 5.479556685469378863e+01 2.443328966751423959e-03 8.393532651284906637e-03 9.999613847975750147e-01 -6.303032846954987889e-01
0000098 000106 4.646024758085507550e-02 9.988983507620576852e-01 -6.607065243095558080e-03 3.884765436588168086e+00 -9.989194558494350895e-01 4.646755711964425939e-02 9.584297983063150500e-04 5.478302751529326997e+01 1.264359132373400925e-03 6.555385837617089782e-03 9.999773101119341367e-01 -5.841294228743443284e-01
0000099 000107 4.743683887672079519e-02 9.988713597155741697e-01 -2.396600409025974147e-03 3.014653122265229968e+00 -9.988743061227097764e-01 4.743467744038662448e-02 -9.413079994817666156e-04 5.476649178899788240e+01 -8.265810025887324573e-04 2.438516701389060928e-03 9.999970851547318462e-01 -4.875857928174731626e-01
0000100 000108 4.802371721737748456e-02 9.988408790509665236e-01 -3.325185051478289112e-03 2.178904594836893693e+00 -9.988457643835827460e-01 4.801852031024189671e-02 -1.618614600019604088e-03 5.475052227627293178e+01 -1.457083868572052682e-03 3.399035377931564419e-03 9.999935616530973848e-01 -4.518212572593540699e-01
0000101 000109 4.870135243926884683e-02 9.987896852136558534e-01 -6.900525673480759244e-03 1.265254949547255592e+00 -9.988127116551878126e-01 4.868929154928848535e-02 -1.901857446287566651e-03 5.473420978249805557e+01 -1.563590386774312566e-03 6.984910652488109974e-03 9.999747825762685949e-01 -4.364937171461313881e-01
0000102 000110 4.952502563085179471e-02 9.987251634051642624e-01 -9.757750450891427424e-03 4.077391364982361210e-01 -9.987731984700285448e-01 4.951972355549411758e-02 -7.819007368560835060e-04 5.471961700194606237e+01 -2.977201964526276189e-04 9.784460505578525258e-03 9.999524863629278837e-01 -5.070643575864473007e-01
0000103 000111 5.037642191050754892e-02 9.986307795670319454e-01 -1.410340626900715745e-02 -5.024917263927193289e-01 -9.987297770274986553e-01 5.038736480941262419e-02 4.220880378699466413e-04 5.470316125956833275e+01 1.132114786683299703e-03 1.406422072907930268e-02 9.999000491977255711e-01 -5.785072460628875035e-01
0000104 000112 5.117099857452715034e-02 9.986493138305949646e-01 -9.025813831552121150e-03 -1.446400411540651021e+00 -9.986888039642133341e-01 5.115207322371975035e-02 -2.312766220816758062e-03 5.467850852324136213e+01 -1.847969493347423981e-03 9.132277313614106315e-03 9.999569920372453069e-01 -4.319440441013604470e-01
0000105 000113 5.191039249656484444e-02 9.985873928815268696e-01 -1.134676357191692457e-02 -2.286346088076555816e+00 -9.986470510466060047e-01 5.187133264040141162e-02 -3.709373699306580275e-03 5.465636798497780546e+01 -3.115593063634412678e-03 1.152395666910618205e-02 9.999283395037343869e-01 -3.568174687402247969e-01
0000106 000114 5.148045627014909836e-02 9.986154265455799983e-01 -1.084232572363725070e-02 -3.151600496190155809e+00 -9.986738876557741396e-01 5.148771186279289119e-02 3.918048774792308149e-04 5.464311228459791892e+01 9.494806485972283848e-04 1.080776152276969292e-02 9.999407398350448339e-01 -5.822765028533822829e-01
0000107 000115 5.139103437849935896e-02 9.986550201528205939e-01 -6.905721219699542494e-03 -3.980249253703362911e+00 -9.986778977043462291e-01 5.139866914675094572e-02 9.311566400962154391e-04 5.462576507106950885e+01 1.284876994841205843e-03 6.848746292906394625e-03 9.999761901792393326e-01 -6.093956896001522239e-01
0000108 000116 5.199141094818141018e-02 9.986195395315881074e-01 -7.505551096415048751e-03 -4.890434919893777987e+00 -9.986476103502637258e-01 5.199454852527543580e-02 2.246202396988865541e-04 5.460138456955519359e+01 6.145292427147350809e-04 7.483707556581991466e-03 9.999714040588890684e-01 -5.668687269060477263e-01
0000109 000117 5.169713269852450888e-02 9.986340193878587845e-01 -7.606226716765314422e-03 -5.699167486511328207e+00 -9.986629776139508419e-01 5.169832577243213545e-02 -3.859357360077346819e-05 5.458243848435131440e+01 3.546593924816064127e-04 7.598038391251178691e-03 9.999706678198123644e-01 -5.567271091996239818e-01
0000110 000118 5.159688263875297082e-02 9.986227894820463025e-01 -9.540544138547109310e-03 -6.589625500088686749e+00 -9.986683374807096003e-01 5.159832485671692753e-02 -9.410295531270981254e-05 5.456198359921518204e+01 3.982746373688552332e-04 9.532676238503378849e-03 9.999540799028607818e-01 -5.739812569814404242e-01
0000111 000119 5.147840675199483185e-02 9.985996554750505849e-01 -1.222215949892194523e-02 -7.411354624828987880e+00 -9.986733294224610091e-01 5.149324161720598980e-02 9.027576835818166027e-04 5.454356108128149572e+01 1.530824157929488137e-03 1.215945500725584827e-02 9.999244954477539693e-01 -6.569586487051566337e-01
0000112 000120 5.127032317436801268e-02 9.986313713252323865e-01 -1.038196241043354284e-02 -8.240110215079255340e+00 -9.986825344470656729e-01 5.129128335872520927e-02 1.761689964022363115e-03 5.452464285661699250e+01 2.291810686021330916e-03 1.027796340726924371e-02 9.999450226609388759e-01 -7.167269672076681530e-01
0000113 000121 5.102567842881518961e-02 9.986499269789510524e-01 -9.764239022391471567e-03 -9.121772114932724662e+00 -9.986960313489038343e-01 5.103987469386037090e-02 1.209120933146981937e-03 5.450360938225230711e+01 1.705881788981267492e-03 9.689817345994646003e-03 9.999520661674617950e-01 -6.794994524166462213e-01
0000114 000122 5.071750378950182908e-02 9.986548698647057520e-01 -1.082280999746332642e-02 -9.932614117251119978e+00 -9.987093097676894571e-01 5.074512218143607811e-02 2.291623834674209534e-03 5.448708623052516486e+01 2.837773266079773263e-03 1.069261809097660047e-02 9.999392742897935671e-01 -7.507160976642790473e-01
0000115 000123 5.044758756805712424e-02 9.986562548649525750e-01 -1.189092971714103379e-02 -1.081494049678892111e+01 -9.987267718281443996e-01 5.044935914425043716e-02 -1.519235363978315768e-04 5.446641529158887352e+01 4.481989413108269948e-04 1.188345981010255868e-02 9.999297573747741863e-01 -6.385846019529317630e-01
0000116 000124 5.038855505612772206e-02 9.986344177229851127e-01 -1.382341842139954598e-02 -1.164145334195603709e+01 -9.987298902776330367e-01 5.038065269836231042e-02 -9.202222037329955886e-04 5.444451185119669390e+01 -2.225035628040921288e-04 1.385223317228413166e-02 9.999044970876355132e-01 -6.252513548594649251e-01
0000117 000125 4.979601875162233821e-02 9.986542995136256096e-01 -1.450864493652976976e-02 -1.250836616256790990e+01 -9.987589376489502957e-01 4.980635079970759799e-02 3.507860685117314024e-04 5.443170686080429732e+01 1.072964751008237622e-03 1.447317785999700443e-02 9.998951510619379368e-01 -7.088812941493429776e-01
0000118 000126 4.962389060499342724e-02 9.986295398088032016e-01 -1.665089201491702295e-02 -1.340022136046331980e+01 -9.987677199479099155e-01 4.960107780239504660e-02 -1.781088581576086667e-03 5.441053798940265551e+01 -9.527159348069070416e-04 1.671876123458842719e-02 9.998602464895056663e-01 -6.262436513290055018e-01
0000119 000127 4.994718365367099844e-02 9.985952235917693320e-01 -1.769896345428785545e-02 -1.425060763654758489e+01 -9.987452670058879489e-01 4.987450143751086945e-02 -4.525271972207135958e-03 5.438164068905098247e+01 -3.636157619156153535e-03 1.790278949906737999e-02 9.998335888985426800e-01 -4.995479252530117265e-01
0000120 000128 5.009125128808523952e-02 9.985785145216525827e-01 -1.822361787654844592e-02 -1.507666593467544658e+01 -9.987436655164175781e-01 5.005483901229833971e-02 -2.448522659667591670e-03 5.436248210245457813e+01 -1.532891729511464242e-03 1.832336375933811892e-02 9.998305342087634440e-01 -5.913175322146848600e-01
0000121 000129 5.028361587861456677e-02 9.986521157153045447e-01 -1.289216311776329726e-02 -1.600087736080809009e+01 -9.987349478463946051e-01 5.028776248305089069e-02 -3.285245971828044489e-06 5.434012069865320882e+01 6.450656808532470501e-04 1.287602412929271176e-02 9.999173611349558843e-01 -6.837552028251039360e-01
0000122 000130 5.151760743595808906e-02 9.986105559433314793e-01 -1.112499271272117396e-02 -1.690125943656425989e+01 -9.986669552195114319e-01 5.147752401130895050e-02 -3.860847532061627979e-03 5.429548237491599139e+01 -3.282764464885104018e-03 1.130906729307031879e-02 9.999311303336992918e-01 -4.496725154314233919e-01
0000123 000131 5.207799338589841343e-02 9.985943004193762462e-01 -9.892411464125075438e-03 -1.783536899674732012e+01 -9.986230232081573233e-01 5.201154649896192611e-02 -6.860617693418954478e-03 5.425726785963797738e+01 -6.336421895488110814e-03 1.023608493673025359e-02 9.999280019420441201e-01 -2.673109595023959173e-01
0000124 000132 5.184100404095139114e-02 9.985788920008402680e-01 -1.236838133527133100e-02 -1.871293364096828782e+01 -9.986433535541788808e-01 5.177519928865113169e-02 -5.582039778084572045e-03 5.424521861878611162e+01 -4.933763402237827111e-03 1.264096966337299385e-02 9.999075240364377892e-01 -3.466942874713865308e-01
0000125 000133 5.203038590597706264e-02 9.986070708772463167e-01 -8.800886726724545944e-03 -1.957037749418108774e+01 -9.986443592674189018e-01 5.201397465492522965e-02 -2.084705555916135673e-03 5.422751176041538201e+01 -1.624002691537379918e-03 8.897430165406018318e-03 9.999595668703262774e-01 -5.184038943857949278e-01
0000126 000134 5.275249883459844774e-02 9.985668069996188612e-01 -9.087690655429797940e-03 -2.044551479813353012e+01 -9.986006343931621565e-01 5.271501563334666379e-02 -4.317151167061917226e-03 5.419065620522951576e+01 -3.831873298533643082e-03 9.302715209872573776e-03 9.999498553115527821e-01 -4.057937370855100312e-01
0000127 000135 5.320908925522791627e-02 9.985186612991793220e-01 -1.141176165187675340e-02 -2.137796873524695229e+01 -9.985675056931885285e-01 5.313968267721212724e-02 -6.302437453705187279e-03 5.415638687379714611e+01 -5.686650360992067527e-03 1.173076298989822464e-02 9.999154904382452358e-01 -3.568561586143630393e-01
0000128 000136 5.299934916434344973e-02 9.984844773353619418e-01 -1.484899767227657215e-02 -2.227660969135953906e+01 -9.985829303435256321e-01 5.292063928814908641e-02 -5.645347662853259472e-03 5.414023698077289737e+01 -4.850941666644298031e-03 1.512716014902358054e-02 9.998742792426970061e-01 -4.749953613792428087e-01
0000129 000137 5.312846466991720529e-02 9.983900654029289612e-01 -1.986975777864598627e-02 -2.311269100130101606e+01 -9.985850971560547018e-01 5.307130474452260993e-02 -3.392948236619439117e-03 5.412286681147406853e+01 -2.333002339909527427e-03 2.002190043221896421e-02 9.997964158897528764e-01 -6.663350394927647358e-01
