0000902 000870 -3.775532059663500722e-02 9.992161253672189325e-01 -1.191518870883115713e-02 1.210498578675949659e+02 -9.991210368987669677e-01 -3.796381024318022657e-02 -1.778519774612163581e-02 4.427819609356811270e+01 -1.822364044027125971e-02 1.123321813690768105e-02 9.997704274825877091e-01 1.440104540037637548e+00
0000903 000871 -3.733781861588197915e-02 9.992619810181189166e-01 -9.025928361071735781e-03 1.199447987469664554e+02 -9.991263606052115387e-01 -3.749942965862807648e-02 -1.845276189445325607e-02 4.430812825289240209e+01 -1.877765157429463205e-02 8.329047751585126613e-03 9.997885880319363761e-01 1.119044413960963880e+00
0000904 000872 -3.711648174963100982e-02 9.992642561409801338e-01 -9.689990738791596364e-03 1.189244346987568974e+02 -9.991373187475884876e-01 -3.728920930927812766e-02 -1.829822994286998614e-02 4.431126947148732143e+01 -1.864613420402593327e-02 9.002448212531745375e-03 9.997852127477339090e-01 1.184026649179415358e+00
0000905 000873 -3.681155341829656091e-02 9.992407744727844765e-01 -1.278243833140450293e-02 1.178110923769166334e+02 -9.991453121917942548e-01 -3.704293514318104941e-02 -1.836251452286948721e-02 4.431708891180278442e+01 -1.882210711253696350e-02 1.209554371441127520e-02 9.997492786296598988e-01 1.540385143127778633e+00
0000906 000874 -3.632048210733815341e-02 9.992262165129083273e-01 -1.510593384809028050e-02 1.167744210700703036e+02 -9.991530603167064761e-01 -3.660224036567229916e-02 -1.881344557897494940e-02 4.434627850025754014e+01 -1.935183654851943200e-02 1.440981422051590931e-02 9.997084863714013059e-01 1.821501041999866288e+00
0000907 000875 -3.581582837438006262e-02 9.992780301655451725e-01 -1.269970089940505170e-02 1.156452177737140516e+02 -9.991495086858516173e-01 -3.606536135688478278e-02 -1.999609515857559208e-02 4.437658667978121230e+01 -2.043963666381925365e-02 1.197272960889542159e-02 9.997198661265401798e-01 1.861826697929814145e+00
0000908 000876 -3.566603070791315999e-02 9.992836202346806473e-01 -1.268074373565455763e-02 1.146478852006901121e+02 -9.991650403181506768e-01 -3.590932511127049864e-02 -1.950570207011368198e-02 4.437979510425020635e+01 -1.994712057799742644e-02 1.197444758751828320e-02 9.997289228215414658e-01 1.557362059668520260e+00
0000909 000877 -3.541807341601486275e-02 9.993451744996684205e-01 -7.433217105196987182e-03 1.135363272432114599e+02 -9.991783645811853631e-01 -3.555686866811225144e-02 -1.945333999615808315e-02 4.439088311302339207e+01 -1.970486471344031626e-02 6.738120077883436899e-03 9.997836024579153102e-01 1.223348880831309771e+00
0000910 000878 -3.540826361786435922e-02 9.993544551860013003e-01 -6.125144305105064378e-03 1.125301955041899475e+02 -9.991965318168877230e-01 -3.551654140469912707e-02 -1.857721140409032343e-02 4.437546726923983442e+01 -1.878272334671023114e-02 5.462444914188394583e-03 9.998091351688056516e-01 1.031646311685847195e+00
0000911 000879 -3.603754800986244677e-02 9.993150177176078897e-01 -8.470212736799632991e-03 1.114631680063735075e+02 -9.991789948458718040e-01 -3.618719579824716814e-02 -1.823277881536888509e-02 4.427846518851902147e+01 -1.852675924071756075e-02 7.806196824686282426e-03 9.997983588415859657e-01 1.267878697431612522e+00
0000912 000880 -3.622975097145265944e-02 9.992736565897999412e-01 -1.183444070766490053e-02 1.104581387811899447e+02 -9.991642908607804019e-01 -3.644501458684928918e-02 -1.851020133741454118e-02 4.422744264053926599e+01 -1.892802432033264745e-02 1.115393962250759742e-02 9.997590986608946295e-01 1.638822258931838860e+00
0000913 000881 -3.665514800251749861e-02 9.991990752437888146e-01 -1.605388385187629663e-02 1.093958191812025404e+02 -9.991341135493516656e-01 -3.695981636529325348e-02 -1.911081855987651484e-02 4.415171211458164180e+01 -1.968890167691893581e-02 1.533946659673485549e-02 9.996880723381289524e-01 1.851912349863980012e+00
0000914 000882 -3.724847078401244405e-02 9.992331972212067370e-01 -1.209774312764776844e-02 1.084072412678482777e+02 -9.991179374105707556e-01 -3.747374431718251964e-02 -1.896072989684873325e-02 4.406820641999411237e+01 -1.939949619367433917e-02 1.138081803711651387e-02 9.997475042971495363e-01 1.666394553165119419e+00
0000915 000883 -3.771347196708093458e-02 9.992314936085835431e-01 -1.070507981005074626e-02 1.073614726471395500e+02 -9.991048957347081760e-01 -3.790993422218105757e-02 -1.878392919373211151e-02 4.400299628075936198e+01 -1.917535889075215258e-02 9.987075159215451359e-03 9.997658515871283846e-01 1.247277282961889000e+00
0000916 000884 -3.802530864384446457e-02 9.992663064818060326e-01 -4.664808425808971738e-03 1.063649936262963678e+02 -9.990991190591308468e-01 -3.810621388261909576e-02 -1.869116774402932585e-02 4.395381658678297754e+01 -1.885516971082901172e-02 3.949874523904497829e-03 9.998148912843279890e-01 8.474730903762974776e-01
0000917 000885 -3.861745870781180257e-02 9.992463727108342741e-01 -4.030972075933608213e-03 1.053059751081664928e+02 -9.990955461205124344e-01 -3.868292573218826830e-02 -1.767055002944476969e-02 4.387062337146790014e+01 -1.781312049698674516e-02 3.344940280391835424e-03 9.998362065639619933e-01 7.295926444120794940e-01
0000919 000886 -3.924315078271416873e-02 9.991884754506089594e-01 -9.121846971286809089e-03 1.043239203831432604e+02 -9.990736493108052230e-01 -3.939683825527567906e-02 -1.732720492210721927e-02 4.377527422080811448e+01 -1.767247362224180773e-02 8.433427076052948945e-03 9.998087301613142186e-01 1.234816630429946827e+00
0000920 000887 -3.957990112039157238e-02 9.991177085184598239e-01 -1.406862674681977170e-02 1.032442014473265601e+02 -9.990729559492013134e-01 -3.980900965759236881e-02 -1.639569877313134041e-02 4.371032064710288978e+01 -1.694125145650324238e-02 1.340664945172597398e-02 9.997670687611288631e-01 1.692226630041503199e+00
0000921 000888 -3.974086781204418800e-02 9.991136582247847064e-01 -1.390469794790285402e-02 1.022534487267018335e+02 -9.990585544664410955e-01 -3.997345561278697196e-02 -1.686902711368465368e-02 4.367033993670338532e+01 -1.740985337752400108e-02 1.322122124724365612e-02 9.997614877115639231e-01 1.682713824222147991e+00
0000922 000889 -3.981010072975506298e-02 9.991633898302536565e-01 -9.399334176906790073e-03 1.011847808117112493e+02 -9.990354532668553889e-01 -3.997601276338042658e-02 -1.817718334942858976e-02 4.364257428510063619e+01 -1.853768361571696624e-02 8.666639330917340692e-03 9.997910679196693184e-01 1.277303724282674580e+00
0000923 000890 -4.030765105272086229e-02 9.991638267297933140e-01 -6.894715226709989368e-03 1.002132095941495606e+02 -9.990065053032191056e-01 -4.043071126950761873e-02 -1.875136690773835171e-02 4.357264322122364320e+01 -1.901440595151629442e-02 6.132050323505638945e-03 9.998008732169841872e-01 1.052589830834747886e+00
0000924 000891 -4.073605072968550928e-02 9.991338310143634827e-01 -8.535364003455666454e-03 9.914942015527824992e+01 -9.989660081003646219e-01 -4.089890732170715221e-02 -1.986308271592738400e-02 4.349935666228066111e+01 -2.019492329578937914e-02 7.717401696782506294e-03 9.997667440371611480e-01 1.256306203942727961e+00
0000925 000892 -4.105645316986429594e-02 9.990993095751875552e-01 -1.076729278836968326e-02 9.816299318429452114e+01 -9.989597404431561634e-01 -4.126017398509707057e-02 -1.943424345023754204e-02 4.344218416080775569e+01 -1.986095443182223086e-02 9.958192058282811995e-03 9.997536259932744418e-01 1.446485473807371136e+00
0000926 000893 -4.106405611362595742e-02 9.990917085773745043e-01 -1.139825434243049371e-02 9.708287083409766183e+01 -9.989436197769611114e-01 -4.128814587923045759e-02 -2.017449202896641133e-02 4.341326649349821309e+01 -2.062674185478794928e-02 1.055777736142793875e-02 9.997319673446201094e-01 1.532192349325953273e+00
0000927 000894 -4.123708672704966272e-02 9.990926788451512941e-01 -1.068910320355657452e-02 9.609639606818869595e+01 -9.989405828800358433e-01 -4.144496431288824390e-02 -2.001548162448983648e-02 4.337555913139112818e+01 -2.044028580102064813e-02 9.852401010240376469e-03 9.997429972969431589e-01 1.447655328341568293e+00
0000928 000895 -4.146085271971147734e-02 9.990950744610432865e-01 -9.520127571972224548e-03 9.503051627113369193e+01 -9.989227640243446560e-01 -4.164875348154790241e-02 -2.046835044782971402e-02 4.333024469482461427e+01 -2.084628855898771130e-02 8.661244709720346963e-03 9.997456430221814960e-01 1.349460550850622553e+00
0000929 000896 -4.161273405691763572e-02 9.990842657137836147e-01 -9.968073837210050456e-03 9.405936949643651701e+01 -9.989252868599935997e-01 -4.180590739108151072e-02 -2.002495129834008444e-02 4.329827670047825450e+01 -2.042337668567928421e-02 9.124054671464799926e-03 9.997493843466218610e-01 1.145898666081762940e+00
0000930 000897 -4.184137099599748860e-02 9.990806754879461016e-01 -9.368126553856201411e-03 9.299399963371996591e+01 -9.988933722708666085e-01 -4.203158524800661155e-02 -2.112212059271997844e-02 4.325021552606494879e+01 -2.149649465618242924e-02 8.473962298248103112e-03 9.997326077706444325e-01 1.133284977138444560e+00
0000931 000898 -4.187547953347885155e-02 9.990553048489275723e-01 -1.163241332547853765e-02 9.199816844541246041e+01 -9.988185465470278412e-01 -4.214731724636115034e-02 -2.419905720870391824e-02 4.321088365240802887e+01 -2.466651171628890180e-02 1.060530983194936903e-02 9.996390775034242893e-01 1.467574078309851870e+00
0000932 000899 -4.136827933340403440e-02 9.990468282129125743e-01 -1.394852736371091431e-02 9.087859787821776081e+01 -9.986160260443462944e-01 -4.179619127075551166e-02 -3.192538978297713298e-02 4.319066945748045327e+01 -3.247790932388559121e-02 1.260853427853614143e-02 9.993933884543203527e-01 2.217371107306860267e+00
0000933 000900 -4.243879402159110581e-02 9.990183903722730241e-01 -1.272133829645338138e-02 8.993611895421265956e+01 -9.988208591099493328e-01 -4.272407737316082782e-02 -2.306145029146979691e-02 4.310505894782181713e+01 -2.358227738895673706e-02 1.172764457650992721e-02 9.996535769990305687e-01 1.707816113893102283e+00
0000934 000901 -4.252377962853146759e-02 9.990800630254569326e-01 -5.609739774427325090e-03 8.887766882324305584e+01 -9.987968684723699253e-01 -4.264770433691918855e-02 -2.421487335379372829e-02 4.308768010679341387e+01 -2.443179499183759443e-02 4.573289919205267805e-03 9.996915062726440260e-01 1.118714886282845100e+00
0000935 000902 -4.186540898023555224e-02 9.991224287076844179e-01 -1.450026361967133876e-03 8.786441870225152684e+01 -9.988110161427156131e-01 -4.188856953143030304e-02 -2.493997237841266007e-02 4.312546608118145741e+01 -2.497878452962453907e-02 4.041920202726369715e-04 9.996883674817966803e-01 7.920619207393855277e-01
0000936 000903 -4.185066327898660787e-02 9.990927027774506586e-01 -7.934138286537033985e-03 8.679787073888977034e+01 -9.988557713130016280e-01 -4.202218726171450675e-02 -2.284841498955514014e-02 4.309764940637569453e+01 -2.316112994003650949e-02 6.968819383779084262e-03 9.997070531904961310e-01 1.055066542980654276e+00
0000937 000904 -4.172544531460826295e-02 9.990377357277178128e-01 -1.352474882335279703e-02 8.579103285761603104e+01 -9.988778119505462572e-01 -4.201484248956312978e-02 -2.187024869762487292e-02 4.307967335110970453e+01 -2.241748368310004721e-02 1.259701392888525930e-02 9.996689282207226190e-01 1.478291910231575912e+00
0000938 000905 -4.139659859146320453e-02 9.990250858665441491e-01 -1.534474910711887928e-02 8.469868928211755588e+01 -9.989086910704685351e-01 -4.171458455222011585e-02 -2.101645272116495558e-02 4.308254038414133902e+01 -2.163610352708901161e-02 1.445798387916310927e-02 9.996609625324067716e-01 1.583200916718112694e+00
0000939 000906 -4.131721351890153826e-02 9.990854067597503274e-01 -1.103409859455491138e-02 8.369365695214531797e+01 -9.988848921321260566e-01 -4.155643475914027468e-02 -2.240995799751444376e-02 4.306544680635170153e+01 -2.284795879625003967e-02 1.009588634780510946e-02 9.996884411383905045e-01 1.470280588800392252e+00
0000940 000907 -4.141224138913528197e-02 9.990751668585022838e-01 -1.158224709076583099e-02 8.264014143043581839e+01 -9.988136056950064345e-01 -4.169318499209455353e-02 -2.516901225628282238e-02 4.302671312476286403e+01 -2.562867745993403085e-02 1.052618862003043207e-02 9.996157086710589779e-01 1.438954242993617072e+00
0000941 000908 -4.148823182695102196e-02 9.990626061131269164e-01 -1.236643819052226333e-02 8.164902780463179965e+01 -9.987074199030991917e-01 -4.183096316045512020e-02 -2.888011669153052116e-02 4.298376007577962810e+01 -2.937038834302219473e-02 1.115225704383788000e-02 9.995059793205280929e-01 1.657824120922299471e+00
0000942 000909 -4.184875324347028108e-02 9.990276224013453499e-01 -1.388981836358651849e-02 8.058664866529409210e+01 -9.986383133632572573e-01 -4.225788342732065411e-02 -3.059957070446587060e-02 4.292053425931544552e+01 -3.115681270839347830e-02 1.259033701364202680e-02 9.994348062521762888e-01 1.842214292042513080e+00
0000943 000910 -4.236600934508530369e-02 9.989963544476896384e-01 -1.455790269614524839e-02 7.961689299745987114e+01 -9.986023360596889553e-01 -4.280129864171908910e-02 -3.101706778992924587e-02 4.285350227684557467e+01 -3.160907536117797678e-02 1.322347066063677377e-02 9.994124282669742954e-01 1.902205554189578152e+00
0000944 000911 -4.283970422872395573e-02 9.989949132970767920e-01 -1.319049697528795750e-02 7.856697756932152288e+01 -9.985462809555942787e-01 -4.324532133655561300e-02 -3.217671373586621780e-02 4.279077762601355062e+01 -3.271485015019810066e-02 1.179287406223936650e-02 9.993947480039673259e-01 1.832630023362980864e+00
0000945 000912 -4.376979857155530867e-02 9.989907294024112927e-01 -1.013038884904523922e-02 7.760595221225210594e+01 -9.985074454630292751e-01 -4.407578353134804922e-02 -3.226085662466859211e-02 4.269623493631297606e+01 -3.267474805097731611e-02 8.703220374836046977e-03 9.994286114870403193e-01 1.769386276040535222e+00
0000946 000913 -4.470517763531737382e-02 9.989201399324999509e-01 -1.266093859049449016e-02 7.658902097886286242e+01 -9.984604798437797246e-01 -4.509405941322180977e-02 -3.230482719699846739e-02 4.259886358873154677e+01 -3.284092090805473124e-02 1.119724215604160113e-02 9.993974641767970901e-01 1.777832476734161560e+00
0000947 000914 -4.551359543754391473e-02 9.989018160576927929e-01 -1.114982616362210702e-02 7.562309970655202562e+01 -9.984539308940840741e-01 -4.584412020369722784e-02 -3.143831176350028039e-02 4.251470745387814532e+01 -3.191489237882411123e-02 9.701724160894436774e-03 9.994439708527971256e-01 1.794009009495397322e+00
0000948 000915 -4.576884262528078257e-02 9.988893861777867755e-01 -1.121327316250150113e-02 7.456818490788603526e+01 -9.984452329416675376e-01 -4.610029862511845489e-02 -3.133797026291496035e-02 4.247137694203456704e+01 -3.182005491943213499e-02 9.761545513727471965e-03 9.994464122683710539e-01 1.784047148913785463e+00
0000949 000916 -4.431514072674307136e-02 9.989326899414243677e-01 -1.304851965917214023e-02 7.353841139114948078e+01 -9.985096656605829679e-01 -4.470541985474076052e-02 -3.131445889757446255e-02 4.255800406439402650e+01 -3.186441526703873844e-02 1.164135058790389220e-02 9.994240009419721460e-01 1.740468714548427442e+00
0000950 000917 -4.110417778103623437e-02 9.990858102386565021e-01 -1.175040400820503116e-02 7.234205573928494459e+01 -9.986157232026681152e-01 -4.146547977132368501e-02 -3.236418756108662420e-02 4.276744335064768165e+01 -3.282188605710591178e-02 1.040382715262401503e-02 9.994066638965679594e-01 1.688494255732436500e+00
0000951 000918 -3.737604372198331804e-02 9.992321871309968184e-01 -1.175294518236115644e-02 7.120373981128447838e+01 -9.987756878953631956e-01 -3.773523445232045137e-02 -3.198982920594607010e-02 4.301357654845287470e+01 -3.240881657968721491e-02 1.054289531344806442e-02 9.994186868218519759e-01 1.671979946749047485e+00
0000952 000919 -3.382815928644572478e-02 9.993893838312214450e-01 -8.752314667057595546e-03 6.997460063567837096e+01 -9.989446506584308549e-01 -3.408284688114397720e-02 -3.080352384681035727e-02 4.324503994684710051e+01 -3.108303661554229907e-02 7.701007908913717025e-03 9.994875386749699775e-01 1.631385982583665850e+00
0000953 000920 -3.027999840884905772e-02 9.994645933135843929e-01 -1.242456454854417962e-02 6.886474442625311099e+01 -9.990999140364417164e-01 -3.063388015792090080e-02 -2.935568819395122098e-02 4.347302426576879952e+01 -2.972062011132024090e-02 1.152447143866337266e-02 9.994914040068475503e-01 1.598766168142560673e+00
0000954 000921 -2.646960044132715476e-02 9.995884571207286351e-01 -1.108296797676000880e-02 6.764862604350433628e+01 -9.992320353803013644e-01 -2.677746485898129317e-02 -2.861765778711448591e-02 4.371545092180485881e+01 -2.890269322021151235e-02 1.031694189333068855e-02 9.995285840247652986e-01 1.470230856575327039e+00
0000955 000922 -2.322298499649967651e-02 9.997115922235354502e-01 -6.140859509979745313e-03 6.652200691597181503e+01 -9.993366753564787430e-01 -2.338585981525938967e-02 -2.793602692320938663e-02 4.391744075155884275e+01 -2.807159396588166864e-02 5.487983582763191100e-03 9.995912506638975348e-01 1.320533100151095596e+00
0000956 000923 -2.065576060600454386e-02 9.997652050269433266e-01 -6.539122003317705129e-03 6.536219550217337826e+01 -9.994322108960216333e-01 -2.082221260783344297e-02 -2.650288995741255371e-02 4.406633037596293434e+01 -2.663284734180270188e-02 5.987932559958170607e-03 9.996277490545932842e-01 1.280954668159310472e+00
0000957 000924 -1.944816518538425992e-02 9.997356996181343547e-01 -1.226845886523405919e-02 6.436084685463755761e+01 -9.994478966048945257e-01 -1.977033310949264516e-02 -2.670878751075684773e-02 4.411698350568985916e+01 -2.694432357447144877e-02 1.174223862896409121e-02 9.995675655872632293e-01 1.445674605659291956e+00
0000958 000925 -1.977373057004023355e-02 9.996702381242087432e-01 -1.639059669137063815e-02 6.332745409392076397e+01 -9.995171176653060430e-01 -2.015853699640123009e-02 -2.365397358249690316e-02 4.407417486041185839e+01 -2.397662555608971388e-02 1.591494605796206149e-02 9.995854293024005743e-01 1.559188394234425346e+00
0000959 000926 -2.183866481585720540e-02 9.995882537053089045e-01 -1.862782844586300876e-02 6.245715775674132431e+01 -9.995744441245546508e-01 -2.219154603998765851e-02 -1.895191890278518851e-02 4.393412538317443250e+01 -1.935753110900571144e-02 1.820600123286124361e-02 9.996464482953906217e-01 1.481441254922202688e+00
0000960 000927 -2.492001791146926382e-02 9.995415692041174083e-01 -1.720298690505175226e-02 6.156149600398692456e+01 -9.994583432610738560e-01 -2.528073017919623550e-02 -2.107871617592124366e-02 4.371487013391470100e+01 -2.150399675902749802e-02 1.666837720658999669e-02 9.996294001306473831e-01 1.474958228361941792e+00
0000961 000928 -2.859661454206434764e-02 9.995006961078004570e-01 -1.344513172215434926e-02 6.077629706938148502e+01 -9.991974208563579873e-01 -2.896026923150279986e-02 -2.767859361491844736e-02 4.345014514365630021e+01 -2.805419305044165243e-02 1.264281811217295159e-02 9.995260459071025894e-01 1.526774760932738673e+00
0000962 000929 -3.330899967422710356e-02 9.993811961106005004e-01 -1.131516644923942320e-02 5.995636318579229140e+01 -9.991159833489736686e-01 -3.358650532693760460e-02 -2.529040421419552834e-02 4.315258511374986483e+01 -2.565483310198975533e-02 1.046275366456039455e-02 9.996157037096151665e-01 1.281588520304538292e+00
0000963 000930 -3.826446560992353280e-02 9.992503603175671989e-01 -5.880911037782208736e-03 5.921007971500215206e+01 -9.990021608923133067e-01 -3.838937053552824580e-02 -2.284295632236777937e-02 4.285102671369213567e+01 -2.305161537178676903e-02 5.000928617982090818e-03 9.997221685450958795e-01 1.026628932795190963e+00
0000964 000931 -4.034058161677735177e-02 9.991634959540864891e-01 -6.722121487528954879e-03 5.830037980369433370e+01 -9.988392467286417720e-01 -4.050293295932376469e-02 -2.607721582673331109e-02 4.269689865501914028e+01 -2.632771088073422236e-02 5.662335872620358895e-03 9.996369263441021724e-01 1.021739951590120654e+00
0000965 000932 -4.340572768921813207e-02 9.990570644615534013e-01 -1.059501957609655870e-03 5.747725061473193620e+01 -9.987869822995819602e-01 -4.341861350793848467e-02 -2.324672826264873732e-02 4.250726133068383206e+01 -2.327082644365390668e-02 4.913691709895080931e-05 9.997295970356775419e-01 7.408880091435321447e-01
0000966 000933 -4.752316434386300720e-02 9.988573069896006240e-01 -5.066347911229308713e-03 5.665656254107921086e+01 -9.986642920863219031e-01 -4.761574407027156092e-02 -2.006291664539364139e-02 4.225804031613733969e+01 -2.028127157056679869e-02 4.106116845692901925e-03 9.997854790126532443e-01 6.418044156559119529e-01
0000967 000934 -5.000930890551243818e-02 9.987287630525210069e-01 -6.339559426588098866e-03 5.582905985624339706e+01 -9.985735381431364299e-01 -5.011847812915490308e-02 -1.842280175074639120e-02 4.209929634881291349e+01 -1.871714997930945187e-02 5.409191348974888743e-03 9.998097834092836145e-01 6.343201134732225910e-01
0000968 000935 -5.357507274090215349e-02 9.985323441223287189e-01 -7.931362979253368459e-03 5.494834244916405197e+01 -9.984465493555079174e-01 -5.368900015744995646e-02 -1.492780736864122819e-02 4.188569392500676258e+01 -1.533174350090718389e-02 7.119241243027823671e-03 9.998575169024952469e-01 7.288552965292183217e-01
0000969 000936 -5.632463924709087827e-02 9.982936228572666382e-01 -1.541526019484750973e-02 5.414988718234952358e+01 -9.983243712806751935e-01 -5.651830658530546114e-02 -1.242953660816066043e-02 4.171815597939212239e+01 -1.327960757089914970e-02 1.468933126249056219e-02 9.998035151984610014e-01 8.502106323112954556e-01
0000970 000937 -5.852161352808168265e-02 9.981532493010651930e-01 -1.629857221109323046e-02 5.324092598212316574e+01 -9.981871481810270508e-01 -5.873817682090665127e-02 -1.314098578349523830e-02 4.157541936409552363e+01 -1.407410181321312043e-02 1.549998292217551199e-02 9.997804077393607214e-01 9.122533067336178192e-01
0000971 000938 -6.090815170874844947e-02 9.980466535992736921e-01 -1.391868900623007867e-02 5.242473603324771148e+01 -9.980308199817899961e-01 -6.110510635602095508e-02 -1.419203133895892942e-02 4.142687322994970600e+01 -1.501484547289277417e-02 1.302685272322936898e-02 9.998020049704273715e-01 8.240615498887393642e-01
0000972 000939 -6.313582651281041125e-02 9.979441041230492360e-01 -1.103121396355497691e-02 5.152697597467420110e+01 -9.978678968742863420e-01 -6.330658545993327058e-02 -1.588400081273685233e-02 4.128790837218639354e+01 -1.654973124729440873e-02 1.000483335111795359e-02 9.998125841727284469e-01 7.369862721150042262e-01
0000973 000940 -6.480770164387859855e-02 9.978394719749901220e-01 -1.078681653796439641e-02 5.068122784897104793e+01 -9.977545041705184747e-01 -6.497780987245553586e-02 -1.624649670372865090e-02 4.118247969846743217e+01 -1.691234015033978369e-02 9.709689352603254400e-03 9.998094260738576988e-01 7.307953248970164850e-01
0000974 000941 -6.665621038474370263e-02 9.976929497711300998e-01 -1.288275410810946382e-02 4.976646470283556312e+01 -9.976353894761120777e-01 -6.685814219709958206e-02 -1.593630628744299033e-02 4.106850280362505146e+01 -1.676089548509135385e-02 1.179002725262773450e-02 9.997896085734059302e-01 8.091449579910658940e-01
0000975 000942 -6.787898791330881920e-02 9.975853190899728329e-01 -1.469688513516822885e-02 4.890489958007191262e+01 -9.975455635865920767e-01 -6.811533130578964479e-02 -1.622603142610916371e-02 4.098786186896131767e+01 -1.718797442287192667e-02 1.355940034183838148e-02 9.997599261777592172e-01 8.949162567643469401e-01
0000976 000943 -6.856665148379552377e-02 9.975331458373193350e-01 -1.506196208095065582e-02 4.795126548653055920e+01 -9.974728327171652476e-01 -6.882889612803520796e-02 -1.764272975333672222e-02 4.092945203508315899e+01 -1.863594054414035792e-02 1.381417814110640248e-02 9.997304957795105640e-01 9.584080435391655328e-01
0000977 000944 -6.882989223673996459e-02 9.975212185828421507e-01 -1.463226743068922822e-02 4.706037179176875895e+01 -9.974317179347803597e-01 -6.910027590742350012e-02 -1.885386086148839804e-02 4.089513368504321988e+01 -1.981825956754939069e-02 1.329696869394351826e-02 9.997147699692198186e-01 9.751434373766301178e-01
0000978 000945 -6.858444945908297175e-02 9.975537829619097741e-01 -1.352152881983945988e-02 4.607792384128870822e+01 -9.974416779980824765e-01 -6.883808120402634678e-02 -1.928043500550876560e-02 4.088628235009991840e+01 -2.016410714820273190e-02 1.216458874573813319e-02 9.997222742765927705e-01 9.285898310318003723e-01
0000979 000946 -6.807991051523258619e-02 9.975953379871411730e-01 -1.299727404458735254e-02 4.516292080974442058e+01 -9.974807231117935880e-01 -6.832093995063161229e-02 -1.910044974331118542e-02 4.089214752161797151e+01 -1.994254501220054862e-02 1.166416258186225158e-02 9.997326824281400626e-01 8.862354971357433442e-01
0000980 000947 -6.764299533137399512e-02 9.976594636405816674e-01 -1.000882471074537178e-02 4.416266885447365098e+01 -9.975035470043049912e-01 -6.782967483428342659e-02 -1.966686476592219290e-02 4.089221936294870829e+01 -2.029974596898481351e-02 8.653467223323385582e-03 9.997568894245790760e-01 8.959375006770216032e-01
0000981 000948 -6.712203926412181609e-02 9.976463146694805051e-01 -1.403942646685598684e-02 4.327415737130506557e+01 -9.975473408615070925e-01 -6.738227025391571590e-02 -1.896535004091757723e-02 4.089561702625314865e+01 -1.986675476717853286e-02 1.273198201254231200e-02 9.997211625341438923e-01 9.036929502850341578e-01
0000982 000949 -6.679358625337336597e-02 9.976935097768342420e-01 -1.210947341035599305e-02 4.229538435814230013e+01 -9.975855781405960077e-01 -6.700786454381531254e-02 -1.824778326536322451e-02 4.089250803118829936e+01 -1.901708768850647602e-02 1.086141237594360869e-02 9.997606293025644852e-01 8.686417580287297824e-01
0000983 000950 -6.632557502635624824e-02 9.976795293559110878e-01 -1.538629862179230479e-02 4.141662681207965591e+01 -9.975922703133636160e-01 -6.661729226729497244e-02 -1.929174015992572017e-02 4.089076142112435264e+01 -2.027200730474014445e-02 1.406970692106845021e-02 9.996950951170007205e-01 9.474763592549209079e-01
0000984 000951 -6.590734622085556160e-02 9.977019519658527624e-01 -1.572862997390138060e-02 4.046205754710089764e+01 -9.976057728546526837e-01 -6.621575968886832253e-02 -1.996640621291853254e-02 4.088656362547999379e+01 -2.096204438175903323e-02 1.437502767545552340e-02 9.996765204273553307e-01 9.733971201698921050e-01
0000985 000952 -6.531755655046038445e-02 9.977357614534758667e-01 -1.604768850597300400e-02 3.958055491266739523e+01 -9.976271862599995766e-01 -6.564454160434592123e-02 -2.077165555503964617e-02 4.089119986690684527e+01 -2.177810320674212347e-02 1.465284092976804065e-02 9.996550419058157777e-01 1.005471429849038145e+00
0000986 000953 -6.363808113654259579e-02 9.978985128678071748e-01 -1.218871950020646022e-02 3.857486782242811785e+01 -9.977320956773998439e-01 -6.388647204921528433e-02 -2.120888060984457354e-02 4.094014405139751034e+01 -2.194302602217369086e-02 1.081134276634457443e-02 9.997011645714162231e-01 9.711699885013871381e-01
0000987 000954 -6.152426516203176460e-02 9.980506926413013069e-01 -1.045675475560374663e-02 3.765154814362774971e+01 -9.978515150694892144e-01 -6.174169783001429157e-02 -2.192946870192950121e-02 4.100398811778768504e+01 -2.253236136925779523e-02 9.085054608561096007e-03 9.997052338618321876e-01 9.229474571627207524e-01
0000988 000955 -5.909698071235721523e-02 9.982109115675428246e-01 -9.077954766475377149e-03 3.665591702037245625e+01 -9.980075620681466697e-01 -5.928149069456480763e-02 -2.161755837185569754e-02 4.107819752511068145e+01 -2.211705784107246414e-02 7.782294517046222174e-03 9.997254982710228610e-01 8.459527550217700309e-01
0000989 000956 -5.805131189892216020e-02 9.982706121050908266e-01 -9.273949412118155655e-03 3.579511415814451425e+01 -9.981014193932165046e-01 -5.822816302834973867e-02 -2.010063081192015738e-02 4.110398950799981321e+01 -2.060589070002957768e-02 8.089428963104824261e-03 9.997553493753065235e-01 7.797580630552971570e-01
0000990 000957 -5.792939395386220713e-02 9.982554793784621516e-01 -1.142803696668370957e-02 3.491346213866455628e+01 -9.981367362401479815e-01 -5.813497796381700278e-02 -1.856390573767098540e-02 4.109441372693936501e+01 -1.919590317691059408e-02 1.033129694450310790e-02 9.997627626431426773e-01 7.772180218045576794e-01
0000991 000958 -5.815336081414883285e-02 9.981680566573735147e-01 -1.670033999471183875e-02 3.414198357346825219e+01 -9.981188106323796161e-01 -5.845971886534405415e-02 -1.848227771709256423e-02 4.106805822680826168e+01 -1.942475635971415218e-02 1.559410922349311300e-02 9.996893000507903748e-01 8.415138438384417441e-01
0000992 000959 -5.811174868630798046e-02 9.981570750498215405e-01 -1.749345173825297625e-02 3.329009747570508182e+01 -9.981088623740709265e-01 -5.844319448506821169e-02 -1.907206989690485299e-02 4.105015414380295624e+01 -2.005933082556841593e-02 1.635204314029649331e-02 9.996646578095036428e-01 8.747059883810663905e-01
0000993 000960 -5.830219551530190641e-02 9.981180259390017850e-01 -1.901689251801286923e-02 3.252258600964204049e+01 -9.980381346748798954e-01 -5.871201821351358652e-02 -2.175480653012370688e-02 4.102006764752468371e+01 -2.283042390409661601e-02 1.771121995489227663e-02 9.995820521002877213e-01 1.020687104483101848e+00
0000994 000961 -5.795005824129475375e-02 9.980329000593697319e-01 -2.393225808748031605e-02 3.167286664806682950e+01 -9.976611507169390602e-01 -5.876588086408481015e-02 -3.492189496225482637e-02 4.096838167170335510e+01 -3.625964083662629872e-02 2.185254212934439541e-02 9.991030483526518458e-01 1.702742614949045219e+00
0000995 000962 -5.791816935087849144e-02 9.979804820164727142e-01 -2.608765046087514750e-02 3.091604550746976088e+01 -9.975929889589290056e-01 -5.885423372098613076e-02 -3.666929467355206640e-02 4.094079084146051173e+01 -3.813066013768145329e-02 2.390103677424567849e-02 9.989864812558285623e-01 1.822758134735977364e+00
0000996 000963 -6.042003941756322188e-02 9.979283372586434941e-01 -2.211254434498122895e-02 3.022389691009759360e+01 -9.977990246023875631e-01 -6.098920079099490188e-02 -2.603928827989061140e-02 4.088996840274330680e+01 -2.733400938783884376e-02 2.049056716042384554e-02 9.994159212470165032e-01 1.243509084447850910e+00
0000997 000964 -6.081978898480786683e-02 9.980830275797467621e-01 -1.146230640226164957e-02 2.950233852353926522e+01 -9.978808137386774302e-01 -6.106571241239319020e-02 -2.249094144884947882e-02 4.088158419135197619e+01 -2.314779767072101466e-02 1.007007477653068701e-02 9.996817359450271834e-01 8.530107428828159755e-01
0000998 000965 -5.916163053574423347e-02 9.982320654431133811e-01 -5.762505708288324924e-03 2.868115094705737533e+01 -9.977431311388843538e-01 -5.931438920264174575e-02 -3.148200726068259292e-02 4.088839713936931730e+01 -3.176818842949679506e-02 3.886954954716560339e-03 9.994873033460641709e-01 9.792444475166632856e-01
0000999 000966 -6.007476392429583756e-02 9.981912634618845814e-01 -2.424841557966398407e-03 2.799337486698759392e+01 -9.975918339054019590e-01 -6.012272295376038661e-02 -3.458477560678877710e-02 4.083179128944948388e+01 -3.466795877403467535e-02 3.413392848514394933e-04 9.993992947726815235e-01 1.064058625537768421e+00
0001000 000967 -6.221875682882904018e-02 9.980127237247530259e-01 -1.002610452436973609e-02 2.730924503288032668e+01 -9.976457507208655873e-01 -6.248003699643101677e-02 -2.828345610596632448e-02 4.076811593983984494e+01 -2.885362648880215528e-02 8.242738965837794612e-03 9.995501290775753445e-01 9.909048431488542974e-01
0001001 000968 -6.260688872289778273e-02 9.979405564378178717e-01 -1.399113558861248864e-02 2.662347428054303577e+01 -9.978032192753790719e-01 -6.289034336493029564e-02 -2.083093846024666740e-02 4.076028716479686409e+01 -2.166790252042645470e-02 1.265624449751923987e-02 9.996855791305235828e-01 7.736709541595985229e-01
0001002 000969 -6.261724016310647734e-02 9.978966281480551315e-01 -1.678465520499253238e-02 2.588779071727064718e+01 -9.978609940412644930e-01 -6.291386859903022599e-02 -1.776837225273304732e-02 4.074793449994558614e+01 -1.878702440399915297e-02 1.563613579539114423e-02 9.997008317260100974e-01 6.538948601160257112e-01
0001003 000970 -6.335094320386366884e-02 9.979151294138373096e-01 -1.236286276477361994e-02 2.522114477755195594e+01 -9.977049179464430040e-01 -6.362476791112159358e-02 -2.317828419238163185e-02 4.069703495311523511e+01 -2.391649931851111757e-02 1.086612694984707278e-02 9.996553725106983590e-01 7.996515223836837549e-01
0001004 000971 -6.415228218634558277e-02 9.978522459055548799e-01 -1.326658748270809381e-02 2.453185816064264202e+01 -9.975441211110671613e-01 -6.449578508678557864e-02 -2.732674026266204703e-02 4.064244398103119238e+01 -2.812372579448974702e-02 1.148091577730594309e-02 9.995381132141156755e-01 9.309752894073000107e-01
0001005 000972 -6.609649061197486741e-02 9.977545927007548388e-01 -1.084392857840779482e-02 2.392353498491459618e+01 -9.974374017008384996e-01 -6.636599364336900897e-02 -2.672842301448062272e-02 4.057730717215781624e+01 -2.738803064593234998e-02 9.049493468558338430e-03 9.995843823926130467e-01 8.810716006409506917e-01
0001006 000973 -6.892428404893917449e-02 9.975203037828108688e-01 -1.425120394906118429e-02 2.332640061092604356e+01 -9.973517026883006453e-01 -6.923117859288369091e-02 -2.229672989543210818e-02 4.050001801657208489e+01 -2.322810744717354603e-02 1.267666312913218532e-02 9.996494144076395472e-01 7.206767578214936520e-01
0001007 000974 -7.117843888281107090e-02 9.973512754863790297e-01 -1.497589100960400321e-02 2.275443412620060712e+01 -9.972292359057413069e-01 -7.147924450042558719e-02 -2.061290730222081410e-02 4.043169739594168277e+01 -2.162881560627848837e-02 1.346719262516744495e-02 9.996749588427946698e-01 6.545256415953559781e-01
0001008 000975 -7.362125831096479056e-02 9.972263019015991103e-01 -1.096821406283721330e-02 2.212894728322521587e+01 -9.970417199752523718e-01 -7.384238513651041058e-02 -2.134149758707481678e-02 4.035329426594989854e+01 -2.209217891081052820e-02 9.364585380700797199e-03 9.997125465534677513e-01 6.195484249505796015e-01
0001009 000976 -7.625256746569215871e-02 9.970437589513744259e-01 -9.471172523679726243e-03 2.158307521864830392e+01 -9.968328217991128115e-01 -7.644471052667463351e-02 -2.192273885786164694e-02 4.027406393884848512e+01 -2.258191156211318898e-02 7.769521512973517549e-03 9.997152730999782078e-01 5.972113436619821414e-01
0001010 000977 -7.889758642387886822e-02 9.968520340805413493e-01 -7.871246584625100212e-03 2.098879563486502775e+01 -9.966271622159794674e-01 -7.905374964518091518e-02 -2.202790091320584037e-02 4.019471543931467750e+01 -2.258076513696355425e-02 6.106756043059866947e-03 9.997268387241348142e-01 5.566282705794947105e-01
0001011 000978 -8.233405519221849433e-02 9.965847222106087866e-01 -6.332012921239763004e-03 2.047926073665851732e+01 -9.963915477074887228e-01 -8.244627665166892605e-02 -2.018443452089150117e-02 4.010979710380570396e+01 -2.063756762290702707e-02 4.647256600514558869e-03 9.997766221951643884e-01 4.511055438941014017e-01
0001012 000979 -8.637155637819766973e-02 9.962394504786483695e-01 -6.849802457719479827e-03 1.995011190612220275e+01 -9.960923647126425085e-01 -8.648205368175154728e-02 -1.793541943816520656e-02 4.001201188996674318e+01 -1.846037608279650979e-02 5.273885339518933658e-03 9.998160835774468902e-01 3.575645758228205295e-01
0001014 000980 -8.973514511862713816e-02 9.959278519482273051e-01 -8.723012272252918600e-03 1.945679281975051822e+01 -9.958274454179963930e-01 -8.986526947429411549e-02 -1.588607061999662562e-02 3.992869171172696952e+01 -1.660523569998519425e-02 7.261081811187991737e-03 9.998362259999228341e-01 2.882537918037257896e-01
0001015 000981 -9.362401420075007474e-02 9.955410064261922543e-01 -1.155468532681786127e-02 1.893136268609163153e+01 -9.954618328087143642e-01 -9.380277492708302689e-02 -1.604066901997835623e-02 3.983238955071283272e+01 -1.705296377289442639e-02 1.000045971103123883e-02 9.998050426080778985e-01 3.366143210702858823e-01
0001016 000982 -9.778451405419971709e-02 9.950649545062107970e-01 -1.686381190832076174e-02 1.847155082377653912e+01 -9.950467674508017835e-01 -9.805937923577828785e-02 -1.632220359006021637e-02 3.973270118280743191e+01 -1.789526976266155034e-02 1.518423153020367553e-02 9.997250293915193042e-01 4.353989882163773473e-01
0001017 000983 -1.031468642460798557e-01 9.944365934618356606e-01 -2.138701825535719442e-02 1.801622862830768668e+01 -9.944882846366173146e-01 -1.035114382231733937e-01 -1.670077163917299198e-02 3.961146044409315436e+01 -1.882161733840108722e-02 1.954650741607412076e-02 9.996322407377080665e-01 5.179485628077884485e-01
0001018 000984 -1.086517951185598380e-01 9.938015550534495812e-01 -2.352918898712105106e-02 1.764249390396693684e+01 -9.939141922578460520e-01 -1.090356579443577112e-01 -1.569328146628996140e-02 3.949541382312963833e+01 -1.816156539398948791e-02 2.168088241614202216e-02 9.995995652568011591e-01 4.756432164577262256e-01
0001019 000985 -1.149432823751296712e-01 9.932312718213509584e-01 -1.673355457650816530e-02 1.723573277602656617e+01 -9.932350219468133457e-01 -1.151909248684686582e-01 -1.467093242077842884e-02 3.937281413552818776e+01 -1.649914656932271670e-02 1.493403850650750625e-02 9.997528138074180948e-01 3.308120330793116182e-01
0001020 000986 -1.201056579229149712e-01 9.927005603951811752e-01 -1.098785860125071380e-02 1.685437825519488797e+01 -9.926383396905240630e-01 -1.202575789752196866e-01 -1.440179353918183414e-02 3.927004762749993461e+01 -1.561800484260032415e-02 9.177241920577046061e-03 9.998363827255050129e-01 2.189546412931946406e-01
0001021 000987 -1.257782674963669467e-01 9.920485623876894588e-01 -4.462850000536472753e-03 1.645099594184904390e+01 -9.919470697438228513e-01 -1.258302994591529722e-01 -1.441710296193692356e-02 3.915948514966612493e+01 -1.486399239779775949e-02 2.613563902090751227e-03 9.998865770802555231e-01 1.152528656825353437e-01
0001022 000988 -1.315372228234692187e-01 9.912984283391207407e-01 -5.086728690124248976e-03 1.611559812140336589e+01 -9.912055055136398396e-01 -1.315964690670952397e-01 -1.395039810217318238e-02 3.905038558539399673e+01 -1.449843757904020411e-02 3.206979587088495433e-03 9.998893460273373668e-01 8.388955436721801107e-02
0001023 000989 -1.371674663229427160e-01 9.905399739520948099e-01 -4.003496205877168229e-03 1.570651848454656374e+01 -9.904615750667730145e-01 -1.372077722010952017e-01 -1.264696841838525154e-02 3.894704765537699132e+01 -1.307660446173685917e-02 2.230568345597260492e-03 9.999124777273339371e-01 2.575519536453896308e-02
0001024 000990 -1.421776121628117173e-01 9.898127109740433305e-01 -7.544623890681725724e-03 1.535469732912406471e+01 -9.897794246142643804e-01 -1.422499354977114772e-01 -1.011694512679822168e-02 3.885707311797068542e+01 -1.108713520512148373e-02 6.029092483032657927e-03 9.999199562037842659e-01 -4.681874222837478783e-02
0001025 000991 -1.480548794029598880e-01 9.889430977824603675e-01 -8.459368728084372402e-03 1.498504758111232604e+01 -9.889298277689393402e-01 -1.481276340933536106e-01 -8.738825864329211046e-03 3.875485216965353175e+01 -9.895302265208122741e-03 7.071883575295902225e-03 9.999256295597100941e-01 -9.510442878047342674e-02
0001026 000992 -1.538210565587740941e-01 9.880560983415306309e-01 -9.207118065153572020e-03 1.466428079147192420e+01 -9.880530521332089311e-01 -1.538971251859670986e-01 -8.215302581720004479e-03 3.865557535686002666e+01 -9.534160845014042970e-03 7.833417990113339044e-03 9.999234623248507425e-01 -1.081105263186259435e-01
0001027 000993 -1.603601425331593056e-01 9.870055364747669646e-01 -1.024777093333029306e-02 1.433452616168824534e+01 -9.870053273545985606e-01 -1.604508680394544917e-01 -8.742525764387014744e-03 3.854330793048302439e+01 -1.027321919326725647e-02 8.712638855551497682e-03 9.999088678962623211e-01 -7.627408457425133292e-02
