0001787 001718 -5.681896279016055568e-02 -9.983523550858436346e-01 -8.034423075177710150e-03 1.022037362703978545e+02 9.983171681485015769e-01 -5.690689406143267792e-02 1.117660170972725395e-02 -3.394892274571884627e+01 -1.161543565360671597e-02 -7.385878675379876392e-03 9.999048576337347116e-01 1.443090046096436652e+00
0001788 001719 -5.699716726916283921e-02 -9.983382412123167349e-01 -8.512095847987359923e-03 1.012780562444684165e+02 9.983173197172623414e-01 -5.708313323066746547e-02 1.022397649367056023e-02 -3.395303544225589576e+01 -1.069291862369668548e-02 -7.915054244824878613e-03 9.999110996700281140e-01 1.446942598947323688e+00
0001789 001720 -5.715098043148713475e-02 -9.983025927453107462e-01 -1.124192466934407532e-02 1.002917321289111783e+02 9.983084175110039649e-01 -5.726472656521188614e-02 1.006948197204504333e-02 -3.395741763169917249e+01 -1.069611903761035279e-02 -1.064741551463625410e-02 9.998865743636315973e-01 1.453480237028365707e+00
0001790 001721 -5.736013323437361838e-02 -9.982922130209108680e-01 -1.109941964432596337e-02 9.937637346846858577e+01 9.983025481074083718e-01 -5.746624606566236998e-02 9.488684927733765512e-03 -3.395817067488906105e+01 -1.011028809536633488e-02 -1.053629437703297589e-02 9.998938467594773449e-01 1.408674677772530970e+00
0001791 001722 -5.758237193390977615e-02 -9.982857470698862645e-01 -1.051496570941431140e-02 9.839036078429077747e+01 9.982933189824378939e-01 -5.767932476754971532e-02 9.161287968033176785e-03 -3.395926502477732356e+01 -9.752045485517196743e-03 -9.969479184650142239e-03 9.999032169902754008e-01 1.327646257278210840e+00
0001792 001723 -5.769452931740270268e-02 -9.982882231568850351e-01 -9.626681899040756551e-03 9.748081265226321079e+01 9.982865647859499036e-01 -5.778354847633076358e-02 9.239154274876620887e-03 -3.396864891369523320e+01 -9.779567956478749796e-03 -9.077126903222194551e-03 9.999114470906308449e-01 1.234673216052122768e+00
0001793 001724 -5.772133756954298672e-02 -9.982957308787012707e-01 -8.635168207290301601e-03 9.649640117633262548e+01 9.982782088162460710e-01 -5.780656714181716532e-02 9.968031174928858318e-03 -3.398577893851097542e+01 -1.045017612932030299e-02 -8.044921110057785818e-03 9.999135008447137540e-01 1.154041071177879019e+00
0001794 001725 -5.793694491653692685e-02 -9.982844235648102860e-01 -8.497175969094399386e-03 9.559675764219059602e+01 9.982643629742636859e-01 -5.802179619010657680e-02 1.010309638192576250e-02 -3.398374004004290327e+01 -1.057874866705089435e-02 -7.897074458855660520e-03 9.999133274360730850e-01 1.135549781373185851e+00
0001795 001726 -5.813661876588772925e-02 -9.982708715985930681e-01 -8.722096021846920469e-03 9.462437904848894732e+01 9.982481375017914216e-01 -5.822719383375146024e-02 1.051581073302005308e-02 -3.398404758515516733e+01 -1.100545361803758823e-02 -8.095451534765225193e-03 9.999071355323606580e-01 1.159711157290161054e+00
0001796 001727 -5.826183635824568052e-02 -9.982588576745864417e-01 -9.246044204343559572e-03 9.372828922293825826e+01 9.982475393565465316e-01 -5.835249861394702087e-02 9.857574388150857833e-03 -3.399226224068797819e+01 -1.037990414347772679e-02 -8.655509360246558745e-03 9.999091337824945747e-01 1.174750309098421042e+00
0001797 001728 -5.829260301172414782e-02 -9.982816194601451532e-01 -6.011331205241515589e-03 9.274685927410016006e+01 9.982334107161066061e-01 -5.835709234004841234e-02 1.117902701797841500e-02 -3.400868462680409721e+01 -1.151065515215899011e-02 -5.349075665752423686e-03 9.999190396798056657e-01 1.139137345647469601e+00
0001799 001729 -5.828576098963404728e-02 -9.982720618612506147e-01 -7.506672816349958810e-03 9.186957273673903046e+01 9.982241167944302385e-01 -5.837246765406232940e-02 1.190022026954287368e-02 -3.402440209169390073e+01 -1.231780321024358860e-02 -6.799717745214240404e-03 9.999014809367783307e-01 1.062310562783153500e+00
0001800 001730 -5.863096968409185761e-02 -9.982510233675302436e-01 -7.615362712512722086e-03 9.091781922205819910e+01 9.982129288240041420e-01 -5.871370166995714540e-02 1.113543686275327189e-02 -3.401531854248423770e+01 -1.156305064241152161e-02 -6.948861287401602270e-03 9.999094685301191943e-01 1.038937316363160335e+00
0001801 001731 -5.864216501485550875e-02 -9.982380518866746932e-01 -9.087703612079037555e-03 9.002977949772849797e+01 9.982129127986782979e-01 -5.874079031506934667e-02 1.099346605787858248e-02 -3.403204488775463687e+01 -1.150787866629963095e-02 -8.426771119548495670e-03 9.998987420345077926e-01 1.156368294917463402e+00
0001802 001732 -5.860684408079162161e-02 -9.982268116291308502e-01 -1.044903519037909678e-02 8.907015451180302534e+01 9.982205520540644583e-01 -5.871557153614694741e-02 1.042021434653863168e-02 -3.405524492452832419e+01 -1.101522302699215958e-02 -9.819733856006689771e-03 9.998915810259838555e-01 1.244788404890996958e+00
0001803 001733 -5.881266948634113895e-02 -9.982209322804324048e-01 -9.835951282716836816e-03 8.819954338831951191e+01 9.982098083696386848e-01 -5.891381865284525676e-02 1.032976062602114671e-02 -3.405554902313269849e+01 -1.089082111295049810e-02 -9.210810581841815878e-03 9.998987384235570319e-01 1.177393264694288177e+00
0001804 001734 -5.899939660940690944e-02 -9.982238304502223381e-01 -8.303046481705886675e-03 8.726102591823052990e+01 9.982045147559927001e-01 -5.908044560959378050e-02 9.878797995726718018e-03 -3.406136512374496306e+01 -1.035176305883286907e-02 -7.705284411954171041e-03 9.999171994304627553e-01 1.018178898645132335e+00
0001805 001735 -5.921819460740831986e-02 -9.982156544727299741e-01 -7.708927976300967988e-03 8.639772613518979938e+01 9.981971614914069146e-01 -5.928938572536313761e-02 9.357795674235204475e-03 -3.406208523019677159e+01 -9.798121208265168913e-03 -7.140867118756224000e-03 9.999269678829749708e-01 9.418935638505772090e-01
0001806 001736 -5.930383071618611918e-02 -9.982057868681768475e-01 -8.304664188638403305e-03 8.545792244582176522e+01 9.981976347720089571e-01 -5.937605236264172776e-02 8.736639781830394733e-03 -3.407524975494970931e+01 -9.214027967823112952e-03 -7.771568736313457654e-03 9.999278177287570513e-01 9.639184138928698076e-01
0001807 001737 -5.933507717373009277e-02 -9.981997425145336944e-01 -8.794017953468817247e-03 8.459297663898641417e+01 9.981972577574729222e-01 -5.941023637464228763e-02 8.545658333927475328e-03 -3.409028502181854492e+01 -9.052694486748108851e-03 -8.271095878976500101e-03 9.999252841981077777e-01 9.875864776954017543e-01
0001808 001738 -5.933392775165070160e-02 -9.981989012469061340e-01 -8.895801446899175707e-03 8.365934494194044646e+01 9.981910491495299409e-01 -5.941553748952647235e-02 9.207490114766727837e-03 -3.410735630659064554e+01 -9.719420054606705758e-03 -8.333381539056512050e-03 9.999185085868168565e-01 1.008800182740451135e+00
0001809 001739 -5.934801941492662963e-02 -9.982024213998038631e-01 -8.394131330124940393e-03 8.280257666930208416e+01 9.981906335132613162e-01 -5.942466289673455082e-02 9.195071079071368350e-03 -3.412421046408189795e+01 -9.677326568788155448e-03 -7.833222577468495693e-03 9.999229601606033357e-01 9.572919433955462409e-01
0001810 001740 -5.917461798203602075e-02 -9.982140557164268513e-01 -8.233275275208208621e-03 8.187103568730196912e+01 9.981987526988497228e-01 -5.925149551621988753e-02 9.428226122536187415e-03 -3.415717038053116994e+01 -9.899187498537007079e-03 -7.660522034416721547e-03 9.999221263476455457e-01 9.433049466262914962e-01
0001811 001741 -5.896730927318377669e-02 -9.982420638466072971e-01 -5.998708265051221587e-03 8.099922171967207873e+01 9.982110630993351608e-01 -5.902292333485691100e-02 9.561483769840560185e-03 -3.419307414737795625e+01 -9.898769570514560912e-03 -5.424180660382387463e-03 9.999358910297776459e-01 9.587100341344196863e-01
0001812 001742 -5.867613632227575149e-02 -9.982413098654414618e-01 -8.491126844707343885e-03 8.008304260378460526e+01 9.982303317442343671e-01 -5.875373167157876136e-02 9.195788595203835750e-03 -3.423499192856706941e+01 -9.678466374492449356e-03 -7.936515803795120630e-03 9.999221345777675740e-01 9.381891458275930518e-01
0001813 001743 -5.852773488418034492e-02 -9.982720343199669166e-01 -5.273801649741762833e-03 7.922152952947243421e+01 9.982401892777497121e-01 -5.857484274416770165e-02 9.272720957149808985e-03 -3.426719899002728198e+01 -9.565643708046491639e-03 -4.721827680513047444e-03 9.999426965283709778e-01 8.741974991470087275e-01
0001814 001744 -5.839003076381814317e-02 -9.982646559428930422e-01 -7.679133300769549336e-03 7.831860558394893701e+01 9.982449773442281238e-01 -5.846169140363596112e-02 9.462651786408881466e-03 -3.429512356543136775e+01 -9.895130188095666024e-03 -7.113120889743152105e-03 9.999262103217696485e-01 8.655342505318301960e-01
0001815 001745 -5.820892424783943864e-02 -9.982868827594025829e-01 -5.946476143027835254e-03 7.745987701657327307e+01 9.982489724216808691e-01 -5.826754433071539008e-02 1.021420170604252740e-02 -3.432640827235491088e+01 -1.054322314617847298e-02 -5.341524742598653848e-03 9.999297485995932711e-01 9.426141927699021039e-01
0001816 001746 -5.823604284937732717e-02 -9.982726675691435680e-01 -7.784485954869562602e-03 7.655262141266999265e+01 9.982591761430644750e-01 -5.830482752656086093e-02 8.923343884333863330e-03 -3.434574504663532935e+01 -9.361836475076372455e-03 -7.251293537610229573e-03 9.999294816975281552e-01 1.030351099620787636e+00
0001817 001747 -5.816482287448530852e-02 -9.982671272985174094e-01 -8.942685928257174816e-03 7.571619806941123443e+01 9.982575469580602379e-01 -5.824895972068103861e-02 9.455806915783236330e-03 -3.436734845419186968e+01 -9.960357806011434223e-03 -8.377127800197139290e-03 9.999149007777250464e-01 1.125452226792731381e+00
0001818 001748 -5.798368240826914238e-02 -9.982827233009007317e-01 -8.358913058085927494e-03 7.481405210539980999e+01 9.982603908070349918e-01 -5.806808094060950803e-02 1.023584335758255352e-02 -3.439831630176695398e+01 -1.070368632331565074e-02 -7.750879126442210450e-03 9.999122705475236295e-01 1.097992663477221242e+00
0001819 001749 -5.798748174503141201e-02 -9.982925610320823040e-01 -7.056704175769441985e-03 7.399013999236316863e+01 9.982588416810090903e-01 -5.805927589562136920e-02 1.043531392080504147e-02 -3.441666958961923228e+01 -1.082723847927664212e-02 -6.439318420374456897e-03 9.999202467560440732e-01 1.001027542730270170e+00
0001820 001750 -5.797166433951973785e-02 -9.983034475112847472e-01 -5.466153452862134582e-03 7.309984829503773085e+01 9.982589138009578811e-01 -5.802713333203769058e-02 1.060502487506247149e-02 -3.443893410625969409e+01 -1.090425243588316953e-02 -4.841863760254743777e-03 9.999284210870347245e-01 8.833767058472403733e-01
0001821 001751 -5.776252604662792528e-02 -9.983162182767573167e-01 -5.345510425829038195e-03 7.227214544420738207e+01 9.982739144541639131e-01 -5.781546100697142893e-02 1.034541166478725183e-02 -3.447325132347987164e+01 -1.063707915289278591e-02 -4.738724871298967585e-03 9.999317929933858595e-01 8.579302132865009867e-01
0001822 001752 -5.773614946355420940e-02 -9.983119296351077310e-01 -6.339221780521126816e-03 7.138374681138370192e+01 9.982652439736171557e-01 -5.780460096857609892e-02 1.120696554202778306e-02 -3.449248133070295808e+01 -1.155451784139202923e-02 -5.681196428311531543e-03 9.999167019591631567e-01 9.492199408249959447e-01
0001823 001753 -5.757968758680918203e-02 -9.982790945545877426e-01 -1.111627570318893081e-02 7.057986625091365340e+01 9.982583341308988167e-01 -5.771493353835421142e-02 1.225763257953094154e-02 -3.451644856771417835e+01 -1.287813105406279517e-02 -1.039115344419064974e-02 9.998634801652918069e-01 1.068856040557520259e+00
0001824 001754 -5.761602892205310023e-02 -9.983063943321459632e-01 -8.067899389408614633e-03 6.968321506840806023e+01 9.982602556643670466e-01 -5.771112161209823038e-02 1.209755949116370771e-02 -3.453596435767076400e+01 -1.254271310125491638e-02 -7.356869301872833410e-03 9.998938697241016582e-01 1.083017837624765889e+00
0001825 001755 -5.765075237881898268e-02 -9.983104608216945008e-01 -7.277614961612946347e-03 6.887942768953666928e+01 9.982471834907498121e-01 -5.774182701354574343e-02 1.299610959361969555e-02 -3.455066110505140387e+01 -1.339440966747574950e-02 -6.515642290374124360e-03 9.998886588524650287e-01 1.050452186836267288e+00
0001826 001756 -5.755263602860774541e-02 -9.983258648092830922e-01 -5.790964890142251582e-03 6.800880092377875030e+01 9.982464012160058298e-01 -5.762667790517935623e-02 1.355615981815689805e-02 -3.457693525241529642e+01 -1.386721504105314917e-02 -5.000635345063010953e-03 9.998909380308265149e-01 9.597904669126648969e-01
0001827 001757 -5.748749859810487611e-02 -9.983369908525030478e-01 -4.334340675874993019e-03 6.720923135503420554e+01 9.982532295165871261e-01 -5.754090939241405384e-02 1.341593533680352293e-02 -3.460128322208220197e+01 -1.364306120425364151e-02 -3.555539166221269743e-03 9.999002044292970570e-01 8.508583448553963535e-01
0001828 001758 -5.772067691436400666e-02 -9.982966155466680425e-01 -8.502903764828357788e-03 6.637124667224878749e+01 9.982450174347509142e-01 -5.782668241477002119e-02 1.280197363195063540e-02 -3.460520961358679415e+01 -1.327187779010184296e-02 -7.749074766822945312e-03 9.998822981402230026e-01 8.700927486305545244e-01
0001829 001759 -5.789379424516838402e-02 -9.983009563709764889e-01 -6.624716284999277761e-03 6.556356881553378457e+01 9.982430929112007245e-01 -5.797183038623796719e-02 1.226701721325695014e-02 -3.461320590896639260e+01 -1.263025760001353082e-02 -5.902911586930986720e-03 9.999024083046861300e-01 9.468840920967807051e-01
0001830 001760 -5.830373308118418085e-02 -9.982261895176919309e-01 -1.205272402822256395e-02 6.473878121996187929e+01 9.982128909470370237e-01 -5.845331204935567265e-02 1.245695277754255148e-02 -3.460213964940021469e+01 -1.313939460637277533e-02 -1.130492660740792937e-02 9.998501668839095968e-01 1.071500817831193331e+00
0001831 001761 -5.877690724831854951e-02 -9.982341785652890653e-01 -8.612290719604537292e-03 6.395570012502551549e+01 9.981984170300308712e-01 -5.887472242880898571e-02 1.158303390329268497e-02 -3.459310420918609452e+01 -1.206966174415313731e-02 -7.915979325833934557e-03 9.998954217694770996e-01 1.030606799373153137e+00
0001832 001762 -5.920028119914988451e-02 -9.982221962403882154e-01 -6.937618672863805035e-03 6.313408002079998482e+01 9.981807624698538772e-01 -5.927462360685245568e-02 1.105210728870979243e-02 -3.458782772557742646e+01 -1.144371772397062212e-02 -6.270728539023431511e-03 9.999144528588044256e-01 8.975534811476677532e-01
0001833 001763 -5.961703861495176032e-02 -9.981827201914594827e-01 -8.786103883207958126e-03 6.240181142550727600e+01 9.981556395868909082e-01 -5.971208669075124542e-02 1.098805373569369630e-02 -3.457873860412200884e+01 -1.149273892396270556e-02 -8.114855240724487898e-03 9.999014287078040741e-01 7.878877442987999302e-01
0001834 001764 -5.980407228268997538e-02 -9.982022659949307819e-01 -4.010214334748985268e-03 6.156849648332882907e+01 9.981500560368472552e-01 -5.984413117989644676e-02 1.075294617646234928e-02 -3.458806690306209930e+01 -1.097363763625742138e-02 -3.359743405572249066e-03 9.999337403166908000e-01 6.906929979288420896e-01
0001835 001765 -6.016631366560470234e-02 -9.981795193049477488e-01 -4.246969777910544752e-03 6.082850368546397135e+01 9.981283027621801196e-01 -6.020889295092332616e-02 1.073605007653598807e-02 -3.458244130899220181e+01 -1.097224534919712981e-02 -3.593089951198225485e-03 9.999329443392023231e-01 6.952666830731288883e-01
0001836 001766 -6.039706026888956580e-02 -9.981645719509866232e-01 -4.475271252429272213e-03 6.002894141529341709e+01 9.981140915204784747e-01 -6.044216913934146590e-02 1.074512634822400066e-02 -3.458631189963443830e+01 -1.099593305368793024e-02 -3.817875410475012575e-03 9.999318511042846191e-01 7.029439129156074273e-01
0001837 001767 -6.061726878482286140e-02 -9.981356133257682783e-01 -7.140388776611781077e-03 5.931946274435958344e+01 9.980962350445631293e-01 -6.069356664939223184e-02 1.100721942462823399e-02 -3.458742265983300967e+01 -1.142009077208101797e-02 -6.459600085952958530e-03 9.999143243635568723e-01 6.557034538703589988e-01
0001838 001768 -6.103977085206922087e-02 -9.981317555934386965e-01 -2.736763764120664442e-03 5.852794015880891720e+01 9.980764074788350815e-01 -6.106576542058389512e-02 1.071959154173885917e-02 -3.458288432403423940e+01 -1.086672076920575797e-02 -2.077195469247059608e-03 9.999383946678822577e-01 5.804409534918022473e-01
0001839 001769 -6.126903761942039534e-02 -9.981186696697254002e-01 -2.362843568681405240e-03 5.781458059593154530e+01 9.980635871786376345e-01 -6.129080596975969297e-02 1.062907505698462707e-02 -3.458622850710798957e+01 -1.075393270512011758e-02 -1.707052221633109787e-03 9.999403144195915250e-01 5.489540979498386264e-01
0001840 001770 -6.141310918683154374e-02 -9.981101679894796019e-01 -2.207486793981730012e-03 5.704239027408738139e+01 9.980395789186560229e-01 -6.143521675104638563e-02 1.196540032024068570e-02 -3.459184667525187251e+01 -1.207843940034165724e-02 -1.468344060020446411e-03 9.999255716582911013e-01 5.788036027220186952e-01
0001841 001771 -6.167494745765859238e-02 -9.980914159361561344e-01 -3.179965612939767393e-03 5.633861993731747475e+01 9.980133348881363720e-01 -6.171062115467929737e-02 1.271517659972772052e-02 -3.458956420125514342e+01 -1.288718220719628493e-02 -2.389457406608728237e-03 9.999136986843111252e-01 6.516635909836452356e-01
0001842 001772 -6.211704085210365683e-02 -9.980600613303469704e-01 -4.238834839935409771e-03 5.558773862162462365e+01 9.979797575197694171e-01 -6.216774044334668486e-02 1.311729156784783440e-02 -3.457976859764903566e+01 -1.335539960395058789e-02 -3.415481605056495517e-03 9.999045762720971675e-01 7.157690735599970822e-01
0001843 001773 -6.233808612411630840e-02 -9.980462388181545741e-01 -4.246668573463639740e-03 5.489617146834149253e+01 9.979546930841839414e-01 -6.239164900131664859e-02 1.393505785428753377e-02 -3.458072001293885478e+01 -1.417282452722758851e-02 -3.369315775690467051e-03 9.998934806525088259e-01 7.342446789748038327e-01
0001844 001774 -6.263608451929175702e-02 -9.980066400687191974e-01 -7.721322076133918695e-03 5.417321224868084073e+01 9.979305908867638353e-01 -6.274043684759442185e-02 1.411189733462575938e-02 -3.457823000746975595e+01 -1.456822420413217758e-02 -6.821461461717737845e-03 9.998710095105252105e-01 7.332911870238092433e-01
0001845 001775 -6.290343560601638351e-02 -9.980113182566963115e-01 -4.112972215175115034e-03 5.347712466768010131e+01 9.979064946867696184e-01 -6.295785851385943266e-02 1.481192484028175625e-02 -3.457861594210771727e+01 -1.504144813856027676e-02 -3.172658732103769176e-03 9.998814344691270284e-01 7.423623559460281740e-01
0001846 001776 -6.314798511208738474e-02 -9.979975754461619664e-01 -3.681428899300140476e-03 5.274786270844722935e+01 9.978885653160362024e-01 -6.319642086036378337e-02 1.500373584124627124e-02 -3.458140721966447018e+01 -1.520638195528354990e-02 -2.726217378224760502e-03 9.998802566815667703e-01 7.180406933919840640e-01
0001847 001777 -6.343027226974616573e-02 -9.979799138167053663e-01 -3.611157601773855395e-03 5.208234251307129625e+01 9.978717041385980480e-01 -6.347743324376844964e-02 1.493763218600183129e-02 -3.458129211263667457e+01 -1.513671946105330131e-02 -2.655991775080153612e-03 9.998815026477653189e-01 7.028241878013545829e-01
0001848 001778 -6.371688364693854634e-02 -9.979614955185264202e-01 -3.654853240595291094e-03 5.136675733153052192e+01 9.978523157576244529e-01 -6.376486549275529880e-02 1.500835203047760913e-02 -3.458154696548899665e+01 -1.521084416573826453e-02 -2.690736274473765326e-03 9.998802848662613485e-01 7.011187952935529211e-01
0001849 001779 -6.394867187288327814e-02 -9.979444182560132104e-01 -4.226216895868932510e-03 5.071029991563241879e+01 9.978213142107316136e-01 -6.400852877665771934e-02 1.599986030496898873e-02 -3.458099564017129524e+01 -1.623752154506569872e-02 -3.193857419504020096e-03 9.998626586807398686e-01 7.583034828680723649e-01
0001850 001780 -6.431880701697662017e-02 -9.979208200008238272e-01 -4.184193154822664351e-03 5.001184194385476189e+01 9.977825030018415697e-01 -6.438074848557759355e-02 1.690213175095136439e-02 -3.457576864750944878e+01 -1.713640830217845815e-02 -3.087807136835520484e-03 9.998479900358098194e-01 7.777948646513692665e-01
0001851 001781 -6.469541399541464677e-02 -9.978748697645677401e-01 -7.771069677332921762e-03 4.939351902857828236e+01 9.977732394289950957e-01 -6.481164884229798084e-02 1.577894038718930317e-02 -3.457284138649129090e+01 -1.624908139327328749e-02 -6.732972498022325031e-03 9.998457059057617169e-01 7.364260264909034959e-01
0001852 001782 -6.530522222189165393e-02 -9.978329063930715392e-01 -8.053648360435716053e-03 4.871891429839340049e+01 9.977477793129581052e-01 -6.541947768679372277e-02 1.485339654165704001e-02 -3.456127734976780630e+01 -1.534809079891279529e-02 -7.065537346265694275e-03 9.998576475990421653e-01 7.082947705771545088e-01
0001853 001783 -6.619899980212086421e-02 -9.977990131421786701e-01 -3.895391646995051069e-03 4.809867383442107780e+01 9.977122121723389636e-01 -6.624593565743328027e-02 1.350099944766933353e-02 -3.453796776671515545e+01 -1.372937283954625207e-02 -2.992745028475975698e-03 9.999008658841974650e-01 6.208975773424896261e-01
0001854 001784 -6.680701636355043660e-02 -9.977569670502469679e-01 -4.269013089734632373e-03 4.744036424059731871e+01 9.976543224317455660e-01 -6.686296506187580646e-02 1.468573773336401787e-02 -3.452125128923717057e+01 -1.493827219828232702e-02 -3.277906765405989159e-03 9.998826417732652461e-01 6.739773041893357686e-01
0001855 001785 -6.741106831044116343e-02 -9.977150684983348006e-01 -4.557783880476557262e-03 4.684174671902860609e+01 9.975918321529222421e-01 -6.747610545741372645e-02 1.606243133617897556e-02 -3.450199150404478132e+01 -1.633330873819549209e-02 -3.464039745634005414e-03 9.998601990394480055e-01 7.270808678940881009e-01
0001856 001786 -6.852204596392411085e-02 -9.976428401455665895e-01 -3.721381868617375677e-03 4.621835832094791385e+01 9.975059338032905565e-01 -6.857502939984964907e-02 1.672841590941617079e-02 -3.446467473600660014e+01 -1.694421490590358043e-02 -2.565852938709191518e-03 9.998527411984713398e-01 7.020353897610647209e-01
0001857 001787 -6.928836084397957396e-02 -9.975922489208973731e-01 -3.033731379211875891e-03 4.563896221324284852e+01 9.974768159513021093e-01 -6.932687582268598492e-02 1.530581892306021562e-02 -3.444742573554322007e+01 -1.547932214979846205e-02 -1.965578720002779996e-03 9.998778530795857655e-01 6.129537689359949582e-01
0001858 001788 -7.025902358817812110e-02 -9.975274503972886286e-01 -1.739923341979149416e-03 4.502189351388568639e+01 9.974301548164774545e-01 -7.027650028070164812e-02 1.395630355964561781e-02 -3.442371070239596520e+01 -1.404410752711297838e-02 -7.549125291263748209e-04 9.999006885422525581e-01 4.997702859583910140e-01
0001859 001789 -7.098213603815417549e-02 -9.974731152678338875e-01 -3.005883533043873356e-03 4.446984761060309665e+01 9.973759357388864988e-01 -7.101763431455235254e-02 1.409509335632314238e-02 -3.440511976428842900e+01 -1.427296393631330949e-02 -1.997532707119605271e-03 9.998965411819727978e-01 4.020856823674847647e-01
0001860 001790 -7.187297059910996433e-02 -9.974140669385818114e-01 -3.739313457258012130e-04 4.385415091961601775e+01 9.973045479787597811e-01 -7.187064681395738397e-02 1.478489014643282959e-02 -3.437969308060701223e+01 -1.477349335758676441e-02 6.897189323031416687e-04 9.998910961519195117e-01 3.477128233530351054e-01
0001861 001791 -7.304778062331529487e-02 -9.973214571888996405e-01 3.782624714410275785e-03 4.329360239730226567e+01 9.972368395016020237e-01 -7.298904634816430481e-02 1.384798940333002541e-02 -3.434826404130717492e+01 -1.353484239697737290e-02 4.783722762504829910e-03 9.998965534616086615e-01 2.362615423821949889e-01
0001862 001792 -7.483358492428152098e-02 -9.971799203117264199e-01 5.700123333278464370e-03 4.272215619980607926e+01 9.971051264333075093e-01 -7.474823188267246121e-02 1.394722669277994632e-02 -3.428851069897655179e+01 -1.348185528740357929e-02 6.727328709108571642e-03 9.998860815769842203e-01 1.510854808073958111e-01
0001863 001793 -7.750129624595321343e-02 -9.969749287979686736e-01 5.906531416136103461e-03 4.223108158862913797e+01 9.969228465846079468e-01 -7.742449506754070510e-02 1.227755467194303722e-02 -3.419194642555794417e+01 -1.178313814512780243e-02 6.839868119936737441e-03 9.999067792581934899e-01 7.781241540321559569e-02
0001864 001794 -8.149224670455383623e-02 -9.966616764129450079e-01 4.988858271031307301e-03 4.173850929599518622e+01 9.966242699692974272e-01 -8.143702027438280699e-02 1.041894939433872687e-02 -3.404180704071541186e+01 -9.977923696000652598e-03 5.821066251617143528e-03 9.999328724808416169e-01 4.374516032682862487e-02
0001865 001795 -8.653041531752558857e-02 -9.962386377547882699e-01 4.629897869869890534e-03 4.133317379981843942e+01 9.962188488256955576e-01 -8.649038681084421365e-02 8.239918063418226121e-03 -3.384887280379371077e+01 -7.808515991370204058e-03 5.325380284370127490e-03 9.999549292232646769e-01 -2.501597370891772698e-02
0001866 001796 -9.295036034025118410e-02 -9.956697815252840700e-01 1.616345654075508533e-03 4.094172069851811102e+01 9.956445516626527548e-01 -9.293597776358998586e-02 7.428879938948935308e-03 -3.359679870808668056e+01 -7.246461005968787145e-03 2.299830987211559132e-03 9.999715676697705780e-01 -4.014989447445316273e-02
0001867 001797 -9.937894558432024128e-02 -9.950488662526589811e-01 1.510486162671168106e-03 4.058802317906855706e+01 9.950207656146898838e-01 -9.936434039415752151e-02 7.795442891784650115e-03 -3.334335087514864426e+01 -7.606724524246581513e-03 2.277676195190339765e-03 9.999689427605954473e-01 -3.473292012050421818e-02
0001868 001798 -1.092872281048440780e-01 -9.940086240059330391e-01 1.964155967287962382e-03 4.030516772047508312e+01 9.939954958614366509e-01 -1.092745779740706275e-01 5.690810903066625091e-03 -3.295512334482691585e+01 -5.442050534097774180e-03 2.574303225921620395e-03 9.999823467171651270e-01 -1.319364123874535721e-01
0001870 001799 -1.214942668533140063e-01 -9.925886447833444093e-01 2.761945121642557163e-03 4.014608705999717131e+01 9.925857056793703226e-01 -1.214828535595314923e-01 3.987707017497197325e-03 -3.247423754318742795e+01 -3.622592727332493278e-03 3.225958649951809511e-03 9.999887033554286653e-01 -2.288748565415374969e-01
0001871 001800 -1.371265065223463975e-01 -9.905515708051296775e-01 2.143200597112472367e-03 4.004809520656135646e+01 9.905509546687637501e-01 -1.371207159562277678e-01 2.659021936313994781e-03 -3.185451183177519852e+01 -2.339990495694955260e-03 2.487579981216475004e-03 9.999946366175599399e-01 -2.566697775820756533e-01
0001872 001801 -1.529648653476451403e-01 -9.882300716716875266e-01 1.939426309520868091e-03 3.999907425424589746e+01 9.882225103038229097e-01 -1.529546476711096392e-01 4.637194976185183767e-03 -3.121892455209945183e+01 -4.285939382218301175e-03 2.625920751382104876e-03 9.999878359361638047e-01 -1.962563377278385701e-01
0001873 001802 -1.725201058673088983e-01 -9.850053480145842810e-01 1.403389116250886417e-03 4.001369156516784642e+01 9.849940141731879928e-01 -1.725107500483536171e-01 5.215494525965639304e-03 -3.043148672738834648e+01 -4.895158310707507614e-03 2.282115729557171978e-03 9.999858829491574674e-01 -1.692067057892856496e-01
0001874 001803 -1.936714863226894345e-01 -9.810666091839812530e-01 5.872733366362886415e-04 4.011210392895372934e+01 9.810635962809126642e-01 -1.936694043117516417e-01 2.597008411065650311e-03 -2.958060481125949082e+01 -2.434070603255436040e-03 1.079127564515809136e-03 9.999969238070620658e-01 -2.254003080148976323e-01
0001875 001804 -2.182605274717497879e-01 -9.758893815612332823e-01 -1.712567551950492381e-03 4.025222732471092968e+01 9.758903050838872995e-01 -2.182617480434188018e-01 5.346442436429952368e-04 -2.857952536005086586e+01 -8.955116586964566305e-04 -1.554576918108775642e-03 9.999988591084738587e-01 -2.017870042853573409e-01
0001876 001805 -2.433806724826110823e-01 -9.699301544519230989e-01 -1.424929418775638858e-03 4.043781647833930037e+01 9.699298010108368118e-01 -2.433778006980834574e-01 -1.951947084262224902e-03 -2.754517341775090244e+01 1.546483663353110044e-03 -1.857138413329375215e-03 9.999975482399235949e-01 -2.868678519933105520e-01
0001877 001806 -2.718777182616651800e-01 -9.623312561275424448e-01 -1.315045693521989115e-03 4.065175751083359046e+01 9.623319581194340611e-01 -2.718778479772351875e-01 -1.192064103795795719e-04 -2.635215719224288478e+01 -2.427862803595164077e-04 -1.297910734417151435e-03 9.999995966974789541e-01 -2.469410598382815181e-01
0001878 001807 -2.972643346034493650e-01 -9.547918333732138274e-01 -2.672708318465148985e-03 4.084472626708463849e+01 9.547948040351963428e-01 -2.972661858036859672e-01 2.941151090700126910e-04 -2.527466236024156387e+01 -1.075295130021326588e-03 -2.464448522817415822e-03 9.999968535565608718e-01 -1.874914904463835796e-01
0001879 001808 -3.306044709566041129e-01 -9.437568181698561265e-01 -4.941429112701794732e-03 4.108402535647701370e+01 9.437693857857337720e-01 -3.305964655368311966e-01 -2.391644467902574386e-03 -2.384385057995541501e+01 6.235400086415348719e-04 -5.454247445038707884e-03 9.999853995558001252e-01 -1.626188244180326592e-01
0001880 001809 -3.592082472668279847e-01 -9.332288577617046110e-01 -7.347867267086546569e-03 4.125862773973744879e+01 9.332571921575437690e-01 -3.591894411206544291e-01 -3.789454093602001410e-03 -2.259480102113502653e+01 8.971798543542722345e-04 -8.218641854082657516e-03 9.999662923672113513e-01 -9.349191081220453725e-02
0001881 001810 -3.895537520830236744e-01 -9.209429727968340140e-01 -1.060956599461996760e-02 4.139943090667020442e+01 9.210017613589402963e-01 -3.895520250673045193e-01 -2.320150094307229984e-03 -2.124015929885626974e+01 -1.996221579437842172e-03 -1.067524012172573443e-02 9.999414937605122233e-01 7.618747575110518255e-02
0001882 001811 -4.174020009415219667e-01 -9.086154866427262888e-01 -1.393224614264942061e-02 4.149849210624324769e+01 9.087031347780003543e-01 -4.174434384137628018e-01 6.713173814554244273e-05 -1.997477643577713025e+01 -5.876888756628295858e-03 -1.263224225603773454e-02 9.999034077940556209e-01 2.599346839402514320e-01
0001883 001812 -4.477766937776506695e-01 -8.940138719195671602e-01 -1.535777708750656403e-02 4.158081202116295572e+01 8.941238814673151403e-01 -4.478195991693865730e-01 -7.188450674681070218e-04 -1.857904708495425439e+01 -6.234823071161877187e-03 -1.405362432988479897e-02 9.998822724975487963e-01 3.014989026718097875e-01
0001884 001814 -5.060486725669115504e-01 -8.624298375218345525e-01 -1.140742716183460424e-02 4.164558845467900028e+01 8.625046158777696093e-01 -5.059897728734367162e-01 -7.783456703975561233e-03 -1.583837754146452426e+01 9.406721089397914685e-04 -1.377775358219308216e-02 9.999051082033134641e-01 2.972186993720171699e-02
0001885 001815 -5.335379115563869679e-01 -8.457239435944624573e-01 -9.429277531013798702e-03 4.161827795216845516e+01 8.457756767466008130e-01 -5.335185979106293885e-01 -4.676023626045529291e-03 -1.449372726750561924e+01 -1.076040179299372337e-03 -1.046987750802516083e-02 9.999450787581390943e-01 5.624704599277663419e-03
0001889 001818 -6.191830779966503995e-01 -7.852103006070616509e-01 -7.583520875135208068e-03 4.125236226272454587e+01 7.852323081502284863e-01 -6.192016068451821065e-01 1.288788153484160569e-04 -1.014205730294133900e+01 -4.796956463991024211e-03 -5.875044703371972918e-03 9.999708327313997502e-01 6.903840270172167948e-02
0001890 001819 -6.446028178818796750e-01 -7.644649370521334752e-01 -8.998838109312569736e-03 4.103763453776400638e+01 7.644967542087092172e-01 -6.446278858977551041e-01 -1.434011611044333739e-04 -8.793372689598982106e+00 -5.691308713965512536e-03 -6.972038347135136455e-03 9.999590956668982233e-01 1.182312778671388287e-01
0001891 001820 -6.705866435007155069e-01 -7.417738468064786206e-01 -9.248326154762976162e-03 4.074516607671921520e+01 7.417995366556880965e-01 -6.706213569789856166e-01 9.274848120949455562e-04 -7.378630287809755828e+00 -6.890141154797075132e-03 -6.238463969555989828e-03 9.999563995178564202e-01 1.323654102134028676e-01
0001892 001821 -6.937319016549986506e-01 -7.201628938910979993e-01 -1.009881383226235441e-02 4.043590432727523876e+01 7.201815694697949466e-01 -6.937822320907049978e-01 2.289185941454785662e-03 -6.078003111809721304e+00 -8.654930353243567992e-03 -5.684887595779593641e-03 9.999468538476812274e-01 1.029674529409376760e-01
0001893 001822 -7.177203210135418843e-01 -6.962956650607213804e-01 -7.093101970475542035e-03 4.002810913658913705e+01 6.962866441762383118e-01 -7.177525115797064315e-01 4.080498043378637599e-03 -4.724807677601347677e+00 -7.932357573944922094e-03 -2.010193154174806131e-03 9.999661144867220131e-01 5.418793476281535959e-02
0001894 001823 -7.384036207846400579e-01 -6.743217020605359879e-01 -7.124632000072461668e-03 3.960595982154791272e+01 6.743084497314683068e-01 -7.384364427023719646e-01 4.487569866990408565e-03 -3.523717469035545946e+00 -8.287186721596253441e-03 -1.490578824799248647e-03 9.999641463577157996e-01 4.830305115908828384e-02
0001895 001824 -7.586768533748791121e-01 -6.514117357588541379e-01 -8.521882879532847316e-03 3.909349788826375516e+01 6.513608851391462506e-01 -7.587243930964596705e-01 8.167248778750477514e-03 -2.313489925003750614e+00 -1.178603604321407615e-02 6.454646272349950616e-04 9.999299306894886552e-01 1.001134649545747379e-01
0001896 001825 -7.762450891747744164e-01 -6.303833814482924236e-01 -7.796386317073119264e-03 3.858180990254504650e+01 6.302741967239807730e-01 -7.762682127446548508e-01 1.274731506778917049e-02 -1.241806385605514151e+00 -1.408781817648268805e-02 4.981164826387149414e-03 9.998879512122862412e-01 6.516015673631159189e-02
0001897 001826 -7.939418376843668801e-01 -6.079622924140405393e-01 -6.217693082167915532e-03 3.798404325716819585e+01 6.078211282535123106e-01 -7.939183259101070256e-01 1.573459330342931797e-02 -1.474237227271260053e-01 -1.450241512294312383e-02 8.713092425516053355e-03 9.998564674939374175e-01 -8.863044602790637327e-03
0001898 001827 -8.094950381058310107e-01 -5.871045640170945434e-01 -5.144881278010866518e-03 3.739430079310841393e+01 5.870169654793111480e-01 -8.094817693321019192e-01 1.227831422380783362e-02 8.198443266953745479e-01 -1.137337561443654832e-02 6.919087022439845101e-03 9.999109789952707050e-01 -6.722300302739370181e-02
0001899 001828 -8.243299237357951670e-01 -5.660907897007246836e-01 -4.672841406580453827e-03 3.676876606050200280e+01 5.660263133897986965e-01 -8.243218004939372179e-01 1.040055490334899392e-02 1.761465329837392346e+00 -9.739616971235284457e-03 5.928522887376814696e-03 9.999345907032594072e-01 -9.860943057283577673e-02
0001900 001829 -8.402920689633450735e-01 -5.421141861311897792e-01 -4.706724962221458565e-03 3.606387014758411169e+01 5.420578925358864320e-01 -8.402870592266703520e-01 9.552868864979684183e-03 2.818726302350341939e+00 -9.133763188310444966e-03 5.475840528855107324e-03 9.999436931665036665e-01 -1.941296625231458961e-01
0001901 001830 -8.551442375286510966e-01 -5.183892226825778105e-01 -1.183074190194022528e-03 3.530052701593695019e+01 5.182528117300855275e-01 -8.549672864731335808e-01 2.110337669473173750e-02 3.809150205949208612e+00 -1.195128720847358529e-02 1.743328866334674029e-02 9.997761952117186768e-01 -2.875407291870502036e-01
0001902 001831 -8.687464277142677993e-01 -4.952567463051960606e-01 -9.329742035584439068e-04 3.456557760389114264e+01 4.951137108340692983e-01 -8.685377683962011153e-01 2.247135184862291205e-02 4.744741551749939390e+00 -1.193944625508964151e-02 1.905996752269616817e-02 9.997466482125585419e-01 -3.243507374366529916e-01
0001903 001832 -8.840645785043677041e-01 -4.673654464309097700e-01 -3.391040532145587474e-04 3.372364382112073145e+01 4.673258394608423294e-01 -8.839979491496561259e-01 1.242853873826364058e-02 5.824435397753177313e+00 -6.108454148841153952e-03 1.082911263214362055e-02 9.999231052951530474e-01 -3.988171757730327727e-01
0001904 001833 -8.976815082059003137e-01 -4.406440238327238301e-01 -1.253989541352261254e-03 3.288995642752888671e+01 4.406263902631805118e-01 -8.976644163634086571e-01 6.876512775166676930e-03 6.803665958179408335e+00 -4.155772636391311461e-03 5.620334791641364708e-03 9.999759703005686173e-01 -3.472402498481415023e-01
0001905 001834 -9.116705233755054705e-01 -4.109075245630431916e-01 -3.563914405571867380e-03 3.193726513890669594e+01 4.108934301622668150e-01 -9.116742317795847317e-01 4.119363306441499797e-03 7.852355700399584748e+00 -4.941822850639096716e-03 2.291073131167418748e-03 9.999855646254610653e-01 -2.623763092759858750e-01
0001906 001835 -9.236979810416927617e-01 -3.830844554236576549e-01 -5.371092898656164294e-03 3.100901071471571413e+01 3.830408731689717849e-01 -9.236999891959195574e-01 7.644727671962202493e-03 8.782079244121860029e+00 -7.889886194783132800e-03 5.004055491036953594e-03 9.999559501457955246e-01 -1.684459374794755604e-01
0001907 001836 -9.356215777582083115e-01 -3.528490095855056907e-01 -1.052184028759034669e-02 2.997774896892724428e+01 3.528262648362134879e-01 -9.356803497029708705e-01 4.019161872943940485e-03 9.779332746403724741e+00 -1.126325319867236587e-02 4.799479052373045539e-05 9.999369666713779914e-01 -7.740333416065681149e-02
0001908 001837 -9.457809169984566777e-01 -3.246423087797318252e-01 -1.033005387841343103e-02 2.898509338142184788e+01 3.246098816729706127e-01 -9.458362699241942284e-01 4.732835178734237820e-03 1.065179773318720891e+01 -1.130703500214929290e-02 1.122948652257298218e-03 9.999358431186520235e-01 -1.064477786218915867e-01
0001909 001838 -9.558253993574374885e-01 -2.938902128550650028e-01 -5.221266628483463637e-03 2.787615146173266112e+01 2.938757409671671206e-01 -9.558377444107152288e-01 3.388142118902321386e-03 1.155398147512880769e+01 -5.986441976056310760e-03 1.704029113774286133e-03 9.999810293049483656e-01 -2.438735714778772490e-01
0001910 001839 -9.635796103674216795e-01 -2.674222206476619124e-01 3.767564615796310801e-04 2.683831122129413416e+01 2.674184817430430572e-01 -9.635564219695074151e-01 6.835780730064532767e-03 1.227699752710634584e+01 -1.465043582311724522e-03 6.687556499903937572e-03 9.999761611285487017e-01 -3.651277905820684566e-01
0001911 001840 -9.709257318908244283e-01 -2.393153980677673598e-01 5.645310050580142243e-03 2.569455634317273507e+01 2.393441245456175981e-01 -9.709215364928094338e-01 5.114917912920351369e-03 1.302243213568328883e+01 4.257047902522602574e-03 6.317362660698616454e-03 9.999705799542806250e-01 -4.831578273709897786e-01
0001912 001841 -9.765602626235809769e-01 -2.151490982869076751e-01 6.464997004956512736e-03 2.463536025925077411e+01 2.151780212584592511e-01 -9.765660915677165654e-01 4.148575267559894211e-03 1.365291361875381426e+01 5.420917341268968737e-03 5.442416853696381215e-03 9.999708961850553024e-01 -5.662350812127163735e-01
0001913 001842 -9.815075985641732448e-01 -1.913735871319208748e-01 4.457796790650995176e-03 2.348741341253253267e+01 1.914072444163895936e-01 -9.814693213287223328e-01 9.019768029572168555e-03 1.422799447420311481e+01 2.649028304496450943e-03 9.706180040803936634e-03 9.999497846959530811e-01 -5.903347977505486455e-01
0001914 001843 -9.853614684230731502e-01 -1.704655289676259289e-01 2.191839883764149649e-03 2.241631383074172845e+01 1.704783792948145194e-01 -9.852236838189087909e-01 1.648729786574357203e-02 1.468882387360025632e+01 -6.510924726791073687e-04 1.661959767858449052e-02 9.998612691460544433e-01 -5.837589731410410820e-01
0001915 001844 -9.884837690384180586e-01 -1.513199499749028898e-01 -1.616307145871089283e-03 2.135173681045307603e+01 1.512752936064654108e-01 -9.883626844370552167e-01 1.598067733981181279e-02 1.509889904989324805e+01 -4.015723618563444078e-03 1.555212105323702104e-02 9.998705907226262957e-01 -5.055309743059837047e-01
