0002393 002244 -9.992636916605306396e-01 -3.720127119125540838e-02 -9.424112543667607575e-03 9.028657315274358552e+01 3.698281277182660642e-02 -9.990657098605257858e-01 2.238235791977917152e-02 1.172267465741890646e+01 -1.024747459599645652e-02 2.201726837639618115e-02 9.997048536759067794e-01 2.074476037340104995e-01
0002394 002245 -9.992807160348379236e-01 -3.702165860147008103e-02 -8.250269676985687306e-03 8.944369708991325751e+01 3.683133531224078161e-02 -9.990767452495689094e-01 2.213701812976926961e-02 1.171801601075253529e+01 -9.061716646450491269e-03 2.181714923316112331e-02 9.997206928653137314e-01 9.958962441551477696e-02
0002396 002246 -9.992928347656522270e-01 -3.670350727413742437e-02 -8.198616414511174233e-03 8.852954000327554240e+01 3.651845264665681823e-02 -9.990981240161975752e-01 2.168395028218133083e-02 1.172553783086277690e+01 -8.986614681003217767e-03 2.136913981733523302e-02 9.997310474276575043e-01 9.298559202498068998e-02
0002397 002247 -9.992955108134181641e-01 -3.644335958447479651e-02 -9.002587331855336009e-03 8.768715307272395876e+01 3.624084880247720880e-02 -9.991075622588325711e-01 2.171820101812840451e-02 1.173130150194970156e+01 -9.785551939961582499e-03 2.137655985922442062e-02 9.997233874820512511e-01 1.540418290244929267e-01
0002398 002248 -9.993004610718134728e-01 -3.613126609240285836e-02 -9.678813792714756337e-03 8.677746043587740132e+01 3.591740235897430966e-02 -9.991254576520423036e-01 2.142746137042010959e-02 1.173955676827483785e+01 -1.044406598000320076e-02 2.106475797748547096e-02 9.997233430687447742e-01 2.050843624028431122e-01
0002399 002249 -9.993239486940661553e-01 -3.574584611699697240e-02 -8.635938304806202101e-03 8.594288395799503633e+01 3.555455304456679039e-02 -9.991396679065568387e-01 2.137322695486566435e-02 1.175256745778790446e+01 -9.392027138447825094e-03 2.105165056121984304e-02 9.997340566688103225e-01 1.049533392050818748e-01
0002400 002250 -9.993508712307979103e-01 -3.510194351521936373e-02 -8.142918760046496951e-03 8.510543717913969886e+01 3.492330268948620753e-02 -9.991670295113923572e-01 2.113162516098848059e-02 1.178794748057885045e+01 -8.877412008991555220e-03 2.083345242426792171e-02 9.997433298381019906e-01 5.986667309838367146e-02
0002401 002251 -9.993706302098568361e-01 -3.452011252612553760e-02 -8.212543452549793746e-03 8.420283164326974656e+01 3.434238131070690980e-02 -9.991925294539896196e-01 2.087938021906167105e-02 1.181746016564284218e+01 -8.926184871927088024e-03 2.058411976524943815e-02 9.997480602453665544e-01 6.011791781399722367e-02
0002402 002252 -9.993798442827251938e-01 -3.385497044919052317e-02 -9.713552181332813645e-03 8.329913154074347403e+01 3.364942600015392860e-02 -9.992218859643696716e-01 2.059710158986160361e-02 1.185547360132682115e+01 -1.040282347315258336e-02 2.025739547620053135e-02 9.997404585920125486e-01 1.781668352356007290e-01
0002403 002253 -9.993937385053733857e-01 -3.314133779047652439e-02 -1.069923804939806183e-02 8.246799883253515873e+01 3.290970577542588066e-02 -9.992351157427095121e-01 2.114514116190315332e-02 1.189982598669325853e+01 -1.139134743558681100e-02 2.078013363886823880e-02 9.997189543119653354e-01 2.433399873114581169e-01
0002404 002254 -9.994175408543631844e-01 -3.241533035962732706e-02 -1.070336637880331052e-02 8.157408836302420241e+01 3.217847566489828032e-02 -9.992491023944323203e-01 2.160623828155859918e-02 1.194163153237764163e+01 -1.139521696211556571e-02 2.124915442420403922e-02 9.997090510622507198e-01 2.259159635525946896e-01
0002405 002255 -9.994528690805801752e-01 -3.165677585256140847e-02 -9.611818928415933813e-03 8.075295291486872884e+01 3.145465943261323283e-02 -9.992954149614139414e-01 2.049806713398381885e-02 1.198278375101938309e+01 -1.025346462935455491e-02 2.018443847806547856e-02 9.997434773029355570e-01 1.420098377631688891e-01
0002406 002256 -9.994758069081796092e-01 -3.093663063751189365e-02 -9.571981317201577744e-03 7.986650961134728277e+01 3.073594429173141102e-02 -9.993188123587867233e-01 2.044789118028679867e-02 1.202175959201053956e+01 -1.019756511304474589e-02 2.014289130834811745e-02 9.997448870374234797e-01 1.311846521223571926e-01
0002407 002257 -9.994853150656461960e-01 -3.038577366345326589e-02 -1.031748375020402446e-02 7.905417562918864860e+01 3.016106483859224904e-02 -9.993190092995297702e-01 2.127873837676553734e-02 1.205245826767588824e+01 -1.095654351580501937e-02 2.095652175422237085e-02 9.997201323875378742e-01 1.715167435673663476e-01
0002408 002258 -9.994880678154848264e-01 -2.968558565899947002e-02 -1.195303310278511902e-02 7.817840479878577753e+01 2.943589921375515395e-02 -9.993558141304413889e-01 2.055008058126956208e-02 1.209100234765435289e+01 -1.255489039586137751e-02 2.018763720911877571e-02 9.997171586729310944e-01 2.984792600734067491e-01
0002409 002259 -9.995071442960601349e-01 -2.885976962471952650e-02 -1.237897380205625099e-02 7.737799736030319764e+01 2.859995374115686245e-02 -9.993775580609616238e-01 2.067631519155017916e-02 1.213866427088953515e+01 -1.296749724740188341e-02 2.031200754936873451e-02 9.997093724123842229e-01 3.163364727502226970e-01
0002410 002260 -9.995106751292700542e-01 -2.863821113480989611e-02 -1.260289676891726031e-02 7.652815604182978859e+01 2.836821688443227907e-02 -9.993751569034307058e-01 2.110506711971812249e-02 1.213960836858416314e+01 -1.319894894060758862e-02 2.073714179044662195e-02 9.996976149540758305e-01 3.174005735401408401e-01
0002411 002261 -9.995023950603029173e-01 -2.882363514146190492e-02 -1.284172298575021742e-02 7.575667345838610345e+01 2.854331870635433768e-02 -9.993617903056410956e-01 2.150242690874256193e-02 1.211060887744918091e+01 -1.345281967229195255e-02 2.112510020491517940e-02 9.996861078199080763e-01 3.231368924664792530e-01
0002412 002262 -9.994876986226536308e-01 -2.975786900260383311e-02 -1.175361879637342594e-02 7.493561013908038149e+01 2.949021736030383450e-02 -9.993152985953028811e-01 2.232376853665972438e-02 1.202028248149758838e+01 -1.241049419974671678e-02 2.196573765988131186e-02 9.996820609779707434e-01 2.708306146442254203e-01
0002413 002263 -9.994319621248747287e-01 -3.110169722788692914e-02 -1.295064371159219269e-02 7.419327198563769343e+01 3.081326981101802434e-02 -9.992846206546587284e-01 2.190488590770544100e-02 1.190512523197253358e+01 -1.362327361232141924e-02 2.149341574221768844e-02 9.996765366781101836e-01 3.565772517266907471e-01
0002414 002264 -9.993697671458187104e-01 -3.272736437548835059e-02 -1.371970153545185901e-02 7.339933246390955901e+01 3.243350696474044809e-02 -9.992502206636562079e-01 2.112013847804346256e-02 1.176636913030142750e+01 -1.440123678468950216e-02 2.066187578984804429e-02 9.996831651494787474e-01 4.154526070475412780e-01
0002415 002265 -9.993122837086925170e-01 -3.440241127342424238e-02 -1.381119686245478942e-02 7.267747235830483987e+01 3.411838543635145604e-02 -9.992111647889756476e-01 2.029910368958748670e-02 1.162410775250600636e+01 -1.449925511575272594e-02 1.981395198857278592e-02 9.996989138991521084e-01 4.251464346124436133e-01
0002416 002266 -9.992149803422653020e-01 -3.733365581926292864e-02 -1.321952155907154570e-02 7.191704879905410053e+01 3.705052389134880914e-02 -9.990910826423879953e-01 2.105125744966422283e-02 1.139430780182351555e+01 -1.399404298770941420e-02 2.054497096408274687e-02 9.996913572904542189e-01 3.690985161920963264e-01
0002417 002267 -9.991219130504112034e-01 -4.025197665698893035e-02 -1.159345084162195089e-02 7.122651495365698793e+01 3.999826897000673120e-02 -9.989712913122561488e-01 2.134188975624450035e-02 1.116638226535280864e+01 -1.244119387335902195e-02 2.085945806842817718e-02 9.997053749828546110e-01 2.483467545521875763e-01
0002418 002268 -9.989783258467415106e-01 -4.410500769990433750e-02 -9.818099537741672642e-03 7.049265654583723517e+01 4.387996555076868754e-02 -9.987926763620624815e-01 2.206423213918357398e-02 1.087303367306839164e+01 -1.078000478725890839e-02 2.161089436729253521e-02 9.997087054822958452e-01 1.151287704464323269e-01
0002419 002269 -9.987713179757762294e-01 -4.884268961031437012e-02 -8.342084700458855459e-03 6.983399024004938838e+01 4.864111523998913139e-02 -9.985541620009918962e-01 2.286306975115727155e-02 1.052209975572736766e+01 -9.447333337554151764e-03 2.242923216622379201e-02 9.997041616887208937e-01 4.363676140741290510e-03
0002420 002270 -9.984723263295204321e-01 -5.479144162912575472e-02 -7.085026355124497861e-03 6.913487247525063140e+01 5.461615233030292504e-02 -9.982435159243232548e-01 2.293451360587824006e-02 1.008816180321474576e+01 -8.329813309830361168e-03 2.251254408819021793e-02 9.997122244280575165e-01 -7.869234522144097355e-02
0002421 002271 -9.981016502808018886e-01 -6.120175930393913222e-02 -6.838519181406352114e-03 6.850327710429428407e+01 6.103092629875897512e-02 -9.978729541644094647e-01 2.288810657964727296e-02 9.628573836548525833e+00 -8.225382241513085405e-03 2.242731856343870706e-02 9.997150046122271760e-01 -9.091201656472946979e-02
0002422 002272 -9.975725113941150690e-01 -6.929965143935327976e-02 -6.782867834372229010e-03 6.783641707953302102e+01 6.911846779434520360e-02 -9.973180951025810703e-01 2.404925187034430423e-02 9.059202735840415244e+00 -8.431897973325311671e-03 2.352207222808179801e-02 9.996881250853536516e-01 -9.890452587040954313e-02
0002423 002273 -9.969379453940345748e-01 -7.783595994204933755e-02 -7.459607220569154130e-03 6.723426306572673639e+01 7.763267411052590661e-02 -9.966808229253252271e-01 2.448679959818143848e-02 8.466428292931254873e+00 -9.341417201115380722e-03 2.383273169173624403e-02 9.996726825044818243e-01 -5.142825766232306250e-02
0002439 002289 -9.086620183462740252e-01 -4.175159691646957438e-01 -3.605637131915902325e-03 5.630095807900761429e+01 4.172801256213787835e-01 -9.083804640384811613e-01 2.685716335494552423e-02 -1.341058963389150449e+01 -1.448920005872595361e-02 2.289954699335252503e-02 9.996331393804444021e-01 1.916926914950067840e-01
0002440 002290 -8.929989200182727460e-01 -4.500374049249736275e-01 -4.306579260471656879e-03 5.517995542182325153e+01 4.497705887808142733e-01 -8.927295125406879972e-01 2.719490011112636607e-02 -1.544351219583177226e+01 -1.608394713944940810e-02 2.234806562603968913e-02 9.996212342951741325e-01 2.793867607794453534e-01
0002441 002291 -8.769623762914591225e-01 -4.805316535223380092e-01 -5.200367657977269034e-03 5.406895385640837048e+01 4.802439365448618602e-01 -8.767271645927871004e-01 2.676101874616075571e-02 -1.734781401563623149e+01 -1.741833535203171635e-02 2.097088247366216129e-02 9.996281220322292826e-01 3.386026217892492696e-01
0002442 002292 -8.580940210202590013e-01 -5.134850117244251777e-01 -2.654835627786020572e-03 5.277135870326583245e+01 5.132602640366634716e-01 -8.578505968602465614e-01 2.560045763834859628e-02 -1.940318783896486821e+01 -1.542351828724681032e-02 2.060500133957388069e-02 9.996690900808103963e-01 2.528498369207028418e-01
0002443 002293 -8.395843466661783161e-01 -5.432272779460282086e-01 -1.195773898083605765e-03 5.150926393810368609e+01 5.430461065285008271e-01 -8.393571295043125158e-01 2.407500074289846761e-02 -2.125601554513332303e+01 -1.408249410780230103e-02 1.956366009387223992e-02 9.997098006839379991e-01 1.873761299758882615e-01
0002444 002294 -8.181859677337284253e-01 -5.749529602586844756e-01 1.869507738977428297e-05 5.005806659286645299e+01 5.748137682138746429e-01 -8.179869739545952978e-01 2.203486045449529543e-02 -2.322756032546885763e+01 -1.265433183193011464e-02 1.803938667566725926e-02 9.997575634723125937e-01 1.242453322936967197e-01
0002445 002295 -7.971821695887829629e-01 -6.037377659388165618e-01 1.204569734704246612e-03 4.863477959114698024e+01 6.036180416519851821e-01 -7.969807789812591858e-01 2.160948041129536271e-02 -2.501555687956306429e+01 -1.208632918924712821e-02 1.795385994683114730e-02 9.997661429340080064e-01 1.106217744328006347e-01
0002446 002296 -7.732317583744009459e-01 -6.341227436733297695e-01 -4.143407155113332002e-04 4.702389234182192013e+01 6.340065297193675509e-01 -7.731020491829602159e-01 1.865656429687372747e-02 -2.689028289403950112e+01 -1.215149538818109318e-02 1.416318155975199167e-02 9.998262259482568748e-01 1.265792644034604564e-01
0002447 002297 -7.496782641112182954e-01 -6.618008864884757925e-01 -1.128746874168044074e-03 4.544550901457523651e+01 6.616613526261017064e-01 -7.495529896107575585e-01 1.933192798490719275e-02 -2.859121188694916782e+01 -1.364055788988191402e-02 1.374590568760820052e-02 9.998128443356660844e-01 2.056169106673593205e-01
0002448 002298 -7.228060213731140049e-01 -6.910453942601699762e-01 -2.622969924645650146e-03 4.365000444331462859e+01 6.908768989507222402e-01 -7.227042570220210127e-01 1.966764036786575534e-02 -3.038200439973343236e+01 -1.548747897288243851e-02 1.240376857066449387e-02 9.998034932502217753e-01 3.076177663195949208e-01
0002449 002299 -6.971183510817391404e-01 -7.169427551521021513e-01 -4.270159295338550424e-03 4.192937930126845458e+01 7.167825555374083280e-01 -6.970685221889272309e-01 1.781561080953784210e-02 -3.196894660693806145e+01 -1.574998215459682063e-02 9.358844443328294058e-03 9.998325314157727739e-01 3.409386581497955149e-01
0002450 002300 -6.682430683575886210e-01 -7.439217096503238924e-01 -5.553772761065353322e-03 3.999613624604080542e+01 7.438247719882801201e-01 -6.682514159830301725e-01 1.280393023621712728e-02 -3.362410292036656756e+01 -1.323705328265464484e-02 4.425136115125450492e-03 9.999029633942831952e-01 2.445272695345437342e-01
0002451 002301 -6.399082793544079717e-01 -7.684328199438357210e-01 -5.338279264731048308e-03 3.811043929054312684e+01 7.683546505112583969e-01 -6.399224085533030681e-01 1.142668961948829776e-02 -3.512003091735368798e+01 -1.219661652714767314e-02 3.210416345013047869e-03 9.999208442364010407e-01 2.102230925320753840e-01
0002452 002302 -6.078918355693443409e-01 -7.939844868447026860e-01 -7.434824457009277243e-03 3.599970150331773766e+01 7.938759560821476713e-01 -6.079332781769322125e-01 1.331522143032466861e-02 -3.665538302559616568e+01 -1.509257146041596137e-02 2.191919687839075700e-03 9.998840680071613418e-01 3.476238569937066814e-01
0002453 002303 -5.779965558239237300e-01 -8.159960860683963535e-01 -8.335515062207999107e-03 3.401423635657374689e+01 8.158648814205259336e-01 -5.780540384132504261e-01 1.473860258066559716e-02 -3.797346234881524651e+01 -1.684563517103967317e-02 1.718241800870460353e-03 9.998569967253626567e-01 4.341743858423825486e-01
0002454 002304 -5.460557860718737722e-01 -8.376928754243139208e-01 -9.634860347881019429e-03 3.186738632183732989e+01 8.376016314506340432e-01 -5.461392224113774674e-01 1.243679193495486439e-02 -3.927462646405319902e+01 -1.568080210220107115e-02 -1.278957081337892638e-03 9.998766008056527710e-01 3.874555469398472951e-01
0002455 002305 -5.168755565081210035e-01 -8.559966515177145352e-01 -1.041588910281275419e-02 2.988869804798014229e+01 8.559822238314098719e-01 -5.169543515341713524e-01 7.201575557693766158e-03 -4.037400461208517299e+01 -1.154967944573818267e-02 -5.193460305492912654e-03 9.999201807034587830e-01 1.923185617092428856e-01
0002456 002306 -4.854936525624080623e-01 -8.741727848179536853e-01 -1.081419156097717695e-02 2.774262917394116812e+01 8.741833377841845554e-01 -4.855656782381314596e-01 5.357757044067198993e-03 -4.145010675879848350e+01 -9.935221700794803421e-03 -6.852390985766858636e-03 9.999275318361542375e-01 1.158303900374306750e-01
0002457 002307 -4.564236740009871007e-01 -8.896913587340519181e-01 -1.121603722023818347e-02 2.574649419604065770e+01 8.896771562881193862e-01 -4.565180070864262585e-01 8.069155306484674176e-03 -4.234748639995223130e+01 -1.229999646482464286e-02 -6.295660690610192095e-03 9.999049006608353718e-01 2.286174201974802145e-01
0002458 002308 -4.262032097457664204e-01 -9.045545292096026646e-01 -1.144574632566345423e-02 2.363293897808443944e+01 9.045243101273481301e-01 -4.263113360574321553e-01 9.678155613938822441e-03 -4.319663286454533591e+01 -1.363448625901325997e-02 -6.228056973279121403e-03 9.998880183966516455e-01 2.899648927867417569e-01
0002459 002309 -4.000573944137226778e-01 -9.164127354705383643e-01 -1.186810480475275487e-02 2.175919385681118001e+01 9.164269096382726687e-01 -4.001479857335843993e-01 6.524365589810268186e-03 -4.387509846495913735e+01 -1.072862587500894062e-02 -8.266091130409545726e-03 9.999086468357538671e-01 1.455987424269409303e-01
0002460 002310 -3.724008271124938374e-01 -9.279928444337296467e-01 -1.208188686514069521e-02 1.975529314252526092e+01 9.280432225700006033e-01 -3.724596689035902797e-01 2.973206276690845088e-03 -4.452784113411962608e+01 -7.259746459508029798e-03 -1.010524907595267835e-02 9.999229516327100553e-01 -2.683696938308344215e-02
0002461 002311 -3.474977004968185512e-01 -9.376031600122394227e-01 -1.203019451332952051e-02 1.792881446933051848e+01 9.376563881761653674e-01 -3.475520759474184929e-01 2.706406507444874057e-03 -4.505084676269325428e+01 -6.719271117046613472e-03 -1.033967893688532598e-02 9.999243325767783741e-01 -5.489305365205154885e-02
0002462 002312 -3.218719191808642188e-01 -9.466972020306317903e-01 -1.272534708018295373e-02 1.600828216882155175e+01 9.467413769611251473e-01 -3.219545171124434391e-01 5.032685581549320268e-03 -4.552670850008416892e+01 -8.862028631687482796e-03 -1.042769262554010291e-02 9.999067250363815607e-01 4.828210435131552458e-02
0002463 002313 -2.986494475537589399e-01 -9.542582606095335596e-01 -1.409736066105764241e-02 1.425254255183881469e+01 9.542987045501252208e-01 -2.987676794454164897e-01 7.150619549039037744e-03 -4.590937463401678542e+01 -1.103598940553583187e-02 -1.131752412752567820e-02 9.998754193755883257e-01 1.450316663643604898e-01
0002464 002314 -2.733359931205524562e-01 -9.618315841588853665e-01 -1.290318880499914320e-02 1.234159269577639861e+01 9.618638243752501982e-01 -2.734386104435826415e-01 6.970572961820941001e-03 -4.627989800777504570e+01 -1.023336344430103226e-02 -1.050576211650043265e-02 9.998928142857294032e-01 9.960128188365047208e-02
0002465 002315 -2.504183647732484697e-01 -9.680923329629507190e-01 -9.323662260950190198e-03 1.059969226915973195e+01 9.681062018778970879e-01 -2.504759312612646061e-01 5.610228866200666839e-03 -4.657273461438853701e+01 -7.767189555523574054e-03 -7.621352390324279483e-03 9.999411562259282737e-01 -2.056496142984087783e-02
0002466 002316 -2.271223632757695676e-01 -9.738553733269362800e-01 -4.493919927714514449e-03 8.783832418454494473e+00 9.738555805390528564e-01 -2.271387366411105613e-01 3.548548082634764810e-03 -4.682762405421271978e+01 -4.477133591424147831e-03 -3.570437913827345915e-03 9.999839667259092790e-01 -1.709566967038682606e-01
0002467 002317 -2.067009154696654860e-01 -9.784032340153199225e-01 -9.461092623278149517e-04 7.157107684954326032e+00 9.783994878309610899e-01 -2.067027613908529460e-01 2.775804747614032085e-03 -4.701264329531841213e+01 -2.912037964202496190e-03 -3.518765859861507062e-04 9.999960604995127289e-01 -2.355413736983322792e-01
0002468 002318 -1.861811178092761254e-01 -9.825148987777778675e-01 3.296929545047604690e-04 5.464026370995270554e+00 9.825105425936435655e-01 -1.861792091106257707e-01 3.102432789859982994e-03 -4.715852031027679914e+01 -2.987422008041465491e-03 9.015754428058112783e-04 9.999954936764708924e-01 -2.271587914019690402e-01
0002469 002319 -1.690910131168346375e-01 -9.855999472202953138e-01 1.433823314604820308e-04 3.987694808189189644e+00 9.855957763419016526e-01 -1.690898262078680825e-01 2.981959600608430783e-03 -4.725488877845418756e+01 -2.915392743068448943e-03 6.455739442152840651e-04 9.999959042716146662e-01 -2.375311017912338230e-01
0002470 002320 -1.515692877746435130e-01 -9.884455062554510230e-01 -1.131215286072818731e-03 2.432722825203882167e+00 9.884434875662416742e-01 -1.515714693175705119e-01 2.204798941814768102e-03 -4.732730360927052971e+01 -2.351401841806353282e-03 -7.839275343099399518e-04 9.999972902100359162e-01 -2.773076804718073163e-01
0002471 002321 -1.367268625487416955e-01 -9.906074308982455445e-01 -1.315264353496414448e-03 1.061159114813563065e+00 9.906072429286564285e-01 -1.367286264702054221e-01 1.369276420728817670e-03 -4.736842452111250168e+01 -1.536868169904335654e-03 -1.115658339589462077e-03 9.999985581874264451e-01 -3.251596495079169813e-01
0002472 002322 -1.214156928224685711e-01 -9.926011577178921463e-01 -4.607428634733315605e-04 -3.883052395956383407e-01 9.926006853992513923e-01 -1.214161392824388702e-01 1.139446265401452890e-03 -4.738872049771271122e+01 -1.187575448680120794e-03 -3.189521914922022541e-04 9.999996052791474410e-01 -3.413256825509449754e-01
0002473 002323 -1.073836485006474523e-01 -9.942171664251747698e-01 -1.405740924868953390e-04 -1.726295275424945430e+00 9.942167579922542853e-01 -1.073837296636085265e-01 1.035704086838484025e-03 -4.738745429171376600e+01 -1.045428434575926832e-03 -2.850875769362367233e-05 9.999998143719814880e-01 -3.488921683200061352e-01
0002474 002324 -9.275992692957781005e-02 -9.956857731278713208e-01 -2.116848150959635150e-03 -3.151643004368906986e+00 9.956826398926356125e-01 -9.276627438462779762e-02 3.130443757985812685e-03 -4.736355060435562336e+01 -3.313928377117443449e-03 -1.817293654105432569e-03 9.999932202162818973e-01 -2.594768735785777380e-01
0002475 002325 -7.937643725453408239e-02 -9.968296799681136688e-01 -5.386631135206522425e-03 -4.466792487857674132e+00 9.968223035633461127e-01 -7.940946913999251400e-02 6.223395594718095572e-03 -4.732210456766097195e+01 -6.632032270889806624e-03 -4.875485943702331272e-03 9.999664868229758419e-01 -1.332583926861587997e-01
0002476 002326 -6.480103994258497313e-02 -9.978590542776121231e-01 -8.784658195297785632e-03 -5.898288950258006480e+00 9.978605830162294854e-01 -6.487218997301201495e-02 8.071261716878287348e-03 -4.725830880842204351e+01 -8.624477772910069465e-03 -8.242799285176917110e-03 9.999292003334421253e-01 -7.735047957295648757e-02
0002477 002327 -5.165626431744335667e-02 -9.986120985736671729e-01 -1.022484365693346157e-02 -7.205312383763725848e+00 9.986279920989269421e-01 -5.173929954627604771e-02 8.029399984982740768e-03 -4.718753546976404323e+01 -8.547898661673502402e-03 -9.796006754807025374e-03 9.999158477072918050e-01 -1.060970778933949532e-01
0002478 002328 -3.729357893480495650e-02 -9.992690770627447039e-01 -8.339363945044074924e-03 -8.628830002427093859e+00 9.992695979722675537e-01 -3.736024914331423363e-02 7.986204278481645949e-03 -4.708980006612819125e+01 -8.292544516659016568e-03 -8.035400001616057816e-03 9.999336961827295367e-01 -1.050687997422556919e-01
0002479 002329 -2.338557627047424883e-02 -9.997171726079807641e-01 -4.209927854877979631e-03 -9.973650476873103798e+00 9.996751580234980450e-01 -2.342671874434712476e-02 1.000258213308686216e-02 -4.697072928705256345e+01 -1.009899368280517927e-02 -3.974607570646803908e-03 9.999414712978594855e-01 2.173680079071971250e-02
0002480 002330 -8.561330395523886888e-03 -9.999628323031615196e-01 -2.562572873242012386e-04 -1.142396724211573655e+01 9.998802296731427175e-01 -8.563924150781712305e-03 1.286314979345434296e-02 -4.682054831212826684e+01 -1.286548122155172988e-02 -1.460663499239375979e-04 9.999175940378076666e-01 1.989576581024579127e-01
0002481 002331 4.919369477869232725e-03 -9.999873038439499595e-01 4.814000027134166144e-04 -1.275737708133340220e+01 9.998908180321961492e-01 4.925581729148169850e-03 1.390596810995597087e-02 -4.666950954628737236e+01 -1.390877799224752090e-02 4.129733794635042027e-04 9.999035520950841915e-01 2.521980527785672166e-01
0002482 002332 1.834689116965618899e-02 -9.998311777552811863e-01 2.276633850677526867e-04 -1.409156249753596057e+01 9.997312887851773633e-01 1.834826718659638214e-02 1.414143689861160728e-02 -4.650390565998895909e+01 -1.414384211727848228e-02 -3.181435492098384890e-05 9.999003395982559717e-01 2.520166793031393127e-01
0002483 002333 3.286628908465311083e-02 -9.994588774048563939e-01 9.009105031472651633e-04 -1.553824376471970936e+01 9.993718911119560122e-01 3.287531591876421966e-02 1.320356568815011893e-02 -4.630565391599702707e+01 -1.322665455732923399e-02 4.664271355426644386e-04 9.999127839085780733e-01 2.112966465719097187e-01
0002484 002334 4.717441864165088788e-02 -9.988837004101766004e-01 2.225133181054216557e-03 -1.697611019860767101e+01 9.987949663643018727e-01 4.720010021336303735e-02 1.341766415571719363e-02 -4.608876592568958586e+01 -1.350832729367186166e-02 1.589514991008744455e-03 9.999078638716453193e-01 2.379924150316981013e-01
0002485 002335 5.998002818457351393e-02 -9.981944521700564232e-01 3.345440911378168552e-03 -1.828449317601797475e+01 9.981010245682324644e-01 6.002092678739325005e-02 1.387388668884185529e-02 -4.588406685991230916e+01 -1.404914825510440030e-02 2.506846485850762907e-03 9.998979455819645423e-01 2.663325135446825698e-01
0002486 002336 7.377161339541887797e-02 -9.972694233009722353e-01 3.525071611165937584e-03 -1.970484194474312289e+01 9.971659089121196473e-01 7.381545329198399563e-02 1.456371437018013151e-02 -4.563692675153288292e+01 -1.478366749735709682e-02 2.440607412626331126e-03 9.998875188750561138e-01 2.985047381671250832e-01
0002487 002337 8.650180514814463650e-02 -9.962499471823638153e-01 2.110872370871430537e-03 -2.101910122245590173e+01 9.961394118464439451e-01 8.652370019321518890e-02 1.485232809940566397e-02 -4.539164053676631738e+01 -1.497878722539031093e-02 8.178842060986633682e-04 9.998872590823090212e-01 2.746894697367139315e-01
0002488 002338 9.983053289921525741e-02 -9.950044051865784001e-01 1.019693890347026259e-03 -2.242435653100943682e+01 9.948976382962215759e-01 9.983478225669423223e-02 1.457200507426407825e-02 -4.511857302573935158e+01 -1.460052471038466096e-02 -4.403267225173825646e-04 9.998930918637262133e-01 2.300338532542554049e-01
0002489 002339 1.113163546945466764e-01 -9.937849522220221221e-01 1.046360057125067565e-03 -2.368353596714754872e+01 9.936960988529133232e-01 1.113204211003944732e-01 1.328459567299958288e-02 -4.487131795847926696e+01 -1.331802754382836913e-02 -4.391153666837400256e-04 9.999109975064564004e-01 1.630986160086962400e-01
0002490 002340 1.229600882796190314e-01 -9.924107832850743716e-01 1.606985663943288380e-03 -2.501568006050899839e+01 9.923500870087837988e-01 1.229703579740266811e-01 1.096450171673917298e-02 -4.460873468323188717e+01 -1.107841534311191679e-02 2.464098027651333983e-04 9.999383858790757973e-01 6.697601299521238616e-02
0002491 002341 1.327032295080174118e-01 -9.911549575332672113e-01 1.631266366604577998e-03 -2.620401855714906958e+01 9.911033085218198257e-01 1.327129872075057115e-01 1.010690034643128322e-02 -4.437597553101932135e+01 -1.023350954525663499e-02 2.754489115062518480e-04 9.999473825272774397e-01 2.427300142670674177e-02
0002492 002342 1.424017996276528419e-01 -9.898090626568764039e-01 8.237834545642358855e-04 -2.745943457630677642e+01 9.897542784722367371e-01 1.424026327174807149e-01 1.042059840512508766e-02 -4.413080803179309441e+01 -1.043122578980747867e-02 -6.686555123771762647e-04 9.999451538809732698e-01 1.312486882201824301e-02
0002493 002343 1.499171396726781957e-01 -9.886990202990831866e-01 2.128781159850994854e-04 -2.855785175475181248e+01 9.886529236243670749e-01 1.499122640754147751e-01 9.610204308347650159e-03 -4.393599558591449750e+01 -9.533027213466337829e-03 -1.230358637472739282e-03 9.999535873898602878e-01 -4.640123259501649500e-02
0002494 002344 1.560817557487799434e-01 -9.877440231668872528e-01 1.097338965848081854e-03 -2.966274181698575774e+01 9.877073599672424598e-01 1.560854472986775154e-01 8.495731968292487279e-03 -4.377531864580578258e+01 -8.562402534426367950e-03 -2.422654469442542561e-04 9.999630976649355185e-01 -7.755656173043234958e-02
0002495 002345 1.602316796740530236e-01 -9.870746704472886934e-01 3.219453252372351474e-03 -3.061952933405501653e+01 9.870447473593909615e-01 1.602526378776259475e-01 7.900555423653249712e-03 -4.366716358000849141e+01 -8.313878965097915019e-03 1.911739464358057404e-03 9.999633966475628410e-01 -4.197727439471066191e-02
0002496 002346 1.632968772338905528e-01 -9.865651900384091455e-01 4.923407833042618698e-03 -3.159877151857474331e+01 9.865445200970625050e-01 1.633301285040577311e-01 7.339052638703570490e-03 -4.359004132850623137e+01 -8.044110171384106708e-03 3.658631544729085919e-03 9.999607375614256721e-01 -1.366518044460462988e-02
0002497 002347 1.644290890464755184e-01 -9.863736101208046003e-01 5.582415371623217736e-03 -3.243409142507407950e+01 9.863576503236657356e-01 1.644665102834495796e-01 7.073775127818221313e-03 -4.357129536216052657e+01 -7.895020989385553509e-03 4.343038839780320390e-03 9.999591874905093825e-01 -6.860176127034378624e-03
0002498 002348 1.652184928701847244e-01 -9.862459654383423091e-01 4.763793306336984099e-03 -3.332918961364229915e+01 9.862229302561178468e-01 1.652511601076827874e-01 7.552051787319776811e-03 -4.356318781813206442e+01 -8.234917576267271333e-03 3.450338465182002136e-03 9.999599247308214034e-01 -1.425746844847708417e-02
0002500 002349 1.655641248061284487e-01 -9.861967030617526664e-01 2.357151413880003658e-03 -3.414482889269197585e+01 9.861426557491003164e-01 1.655797859803247729e-01 1.032822096237063017e-02 -4.356585246452959836e+01 -1.057546952059199193e-02 6.144186224844243966e-04 9.999436734088096301e-01 1.962375624543710728e-02
0002501 002350 1.660034711096744497e-01 -9.861255887609109427e-01 -3.129793546743061053e-04 -3.503883825222109039e+01 9.860566553714307236e-01 1.659881502383765972e-01 1.186753701217716124e-02 -4.356924397425427742e+01 -1.165044517130729360e-02 -2.278755110523758044e-03 9.999293184351988328e-01 -1.123878786120258155e-02
0002502 002351 1.655478102159197995e-01 -9.862015247728664891e-01 -1.206816765123793845e-03 -3.582986867642875950e+01 9.861286986154567114e-01 1.655204567977625885e-01 1.240382796704439169e-02 -4.360492097070073214e+01 -1.203243717648753638e-02 -3.243590516121858548e-03 9.999221304526558773e-01 -2.767633180964423900e-02
0002503 002352 1.646228503515868857e-01 -9.863568120101257053e-01 7.231879910628053083e-04 -3.660396474733747851e+01 9.862615353100319115e-01 1.646171054069177908e-01 1.378640460453747947e-02 -4.365583825631074433e+01 -1.371687868325635259e-02 -1.556391500304070375e-03 9.999044906128209398e-01 9.862899419300674708e-02
0002504 002353 1.634099378820897674e-01 -9.865545543074525359e-01 2.870001742489166566e-03 -3.744086275028230659e+01 9.864278231043308587e-01 1.634349721999764915e-01 1.580505759780924738e-02 -4.371724011289370537e+01 -1.606112483757330886e-02 2.482595783583687612e-04 9.998707624043279285e-01 2.681537382476051334e-01
0002505 002354 1.622388266428515802e-01 -9.867393586643232739e-01 4.991982403117127196e-03 -3.828910862263136039e+01 9.865956984156170062e-01 1.623010932087977365e-01 1.696787261830115523e-02 -4.378027863366878591e+01 -1.755258637968878932e-02 2.172134562588201763e-03 9.998433625662865865e-01 4.014302047244626692e-01
0002506 002355 1.612378253411684559e-01 -9.869077466574046609e-01 4.051080027069694015e-03 -3.908220510025775951e+01 9.867419644116244282e-01 1.612851337195965462e-01 1.811235462029677640e-02 -4.383839856348822650e+01 -1.852811722411024098e-02 1.076887983522015679e-03 9.998275399488737447e-01 4.085104845992617584e-01
0002507 002356 1.603139194734636563e-01 -9.870638023209920009e-01 2.333736569203914354e-03 -3.995400242549013825e+01 9.868851413227525127e-01 1.603293614954922064e-01 1.878487947699730015e-02 -4.389706558731995756e+01 -1.891555626322426534e-02 -7.084343605252899339e-04 9.998206140389717111e-01 3.620813131740163726e-01
0002508 002357 1.591422236677223212e-01 -9.872561464149038901e-01 1.640095396574183699e-04 -4.075043338919259384e+01 9.870839149678741764e-01 1.591176042885555086e-01 1.864443819206961298e-02 -4.396854202586109750e+01 -1.843244894337900050e-02 -2.805313121570333912e-03 9.998259530234268055e-01 2.632351591041270922e-01
0002509 002358 1.579128498045839768e-01 -9.874522507437916152e-01 -1.582675423354097622e-03 -4.161821092132270650e+01 9.872952990638663717e-01 1.578587140735618899e-01 1.814521090710967052e-02 -4.404515554153113044e+01 -1.766720442245732492e-02 -4.428018534883287546e-03 9.998338985536440182e-01 1.621162092450276759e-01
0002510 002359 1.567762236618072957e-01 -9.876308677458398577e-01 -2.729465301419337336e-03 -4.242048373379844861e+01 9.874906754348542481e-01 1.567056586359591996e-01 1.749790070950865001e-02 -4.411807929957103624e+01 -1.685325992466013209e-02 -5.438664420491153353e-03 9.998429635696532980e-01 7.884337735882240850e-02
0002511 002360 1.555479433429025060e-01 -9.878270884081156167e-01 -1.851674547466929414e-03 -4.329326602153324188e+01 9.876965893835697452e-01 1.554962418153761072e-01 1.664396767391339987e-02 -4.419700479123002879e+01 -1.615294872668228757e-02 -4.417915613165766982e-03 9.998595540982393448e-01 7.605602127419786029e-02
0002512 002361 1.547350336509362434e-01 -9.879562279935247826e-01 -7.064846080028130883e-04 -4.411542137843504463e+01 9.878088591388609618e-01 1.546995638671358753e-01 1.738817663834104146e-02 -4.425345526794990292e+01 -1.706897929053851140e-02 -3.388519687154713331e-03 9.998483537308536784e-01 1.551486552932601626e-01
0002513 002362 1.543999488639636597e-01 -9.880087911165891246e-01 -4.720699646552731243e-04 -4.503507875710580066e+01 9.878485462208779211e-01 1.543663127173044436e-01 1.808142256678206550e-02 -4.429084163277093467e+01 -1.779124755102302544e-02 -3.258192144380652865e-03 9.998361953707944894e-01 1.907414995324359097e-01
0002514 002363 1.539798075528743815e-01 -9.880741218522510749e-01 -8.400029806007122419e-04 -4.588249683687368474e+01 9.879234732903690031e-01 1.539414097889502397e-01 1.760449088794386469e-02 -4.433447394089762383e+01 -1.726474601711316947e-02 -3.540682333123287492e-03 9.998444651985742837e-01 1.472184102987768028e-01
0002515 002364 1.534646615421078608e-01 -9.881533416766186129e-01 -1.585514178841709127e-03 -4.680180259766999029e+01 9.880264722347394946e-01 1.534187849658609493e-01 1.634063327251511488e-02 -4.438656027973502205e+01 -1.590331854395186928e-02 -4.074327732690054445e-03 9.998650149500568629e-01 5.238995012614111602e-02
0002516 002365 1.535417980124231252e-01 -9.881414007070173922e-01 -1.565382342960911768e-03 -4.767597049917014118e+01 9.880239406198104701e-01 1.534986690747198457e-01 1.573275490502820673e-02 -4.440568370482378668e+01 -1.530541782935238883e-02 -3.962358369031374929e-03 9.998747963127780913e-01 1.853603129210057432e-02
0002517 002366 1.533088170249583271e-01 -9.881768673394407676e-01 -1.391784749086663435e-03 -4.861238219278655492e+01 9.880719453132221775e-01 1.532715581304840702e-01 1.486404424980914719e-02 -4.443438934480491298e+01 -1.447559887689753994e-02 -3.653935916680103001e-03 9.998889159884475353e-01 -1.463758107330193070e-02
0002518 002367 1.529973978256104761e-01 -9.882269697233274641e-01 -4.429789921416824082e-04 -4.947144670169463154e+01 9.881199376024661918e-01 1.529742461500722406e-01 1.478234006930041929e-02 -4.447910012887678022e+01 -1.454005753053796979e-02 -2.699463404346597473e-03 9.998904262295615908e-01 1.679828677845307539e-02
0002519 002368 1.528776645380263699e-01 -9.882453522064281737e-01 6.835442939951249164e-04 -5.041493174755941453e+01 9.881552955839051355e-01 1.528730468321836400e-01 1.340039029013501831e-02 -4.451139969404357544e+01 -1.334688299673780429e-02 -1.373259628828825754e-03 9.999097662086889882e-01 4.377400689165256154e-03
0002520 002369 1.528735469969204896e-01 -9.882461121910431912e-01 4.756917810254620064e-04 -5.129298658496616525e+01 9.881689077890756234e-01 1.528676290658492198e-01 1.242280754685187033e-02 -4.453599312686674239e+01 -1.234902321337000460e-02 -1.429141955472878209e-03 9.999225099099634528e-01 -5.304545082633183029e-02
0002521 002370 1.529847560359631764e-01 -9.882247104394908943e-01 -2.572142272866478462e-03 -5.225476782387686825e+01 9.881817162113695208e-01 1.529517773916895251e-01 1.009517867508536761e-02 -4.455101627614840254e+01 -9.583506796256286916e-03 -4.086115816774472248e-03 9.999460948517696623e-01 -3.169310742315900598e-01
0002522 002371 1.530105571143587917e-01 -9.882084715366900030e-01 -5.720105587439013733e-03 -5.313726993299248136e+01 9.881779165282761346e-01 1.529443227680874484e-01 1.063371146219794540e-02 -4.457987738191786775e+01 -9.632980145437449598e-03 -7.279641339826429039e-03 9.999268887401204786e-01 -4.757305648822267585e-01
0002523 002372 1.530360665508638252e-01 -9.881964180957351074e-01 -6.843084955870904276e-03 -5.409690587529895112e+01 9.881874419064532455e-01 1.529708769004623492e-01 9.205969595050421742e-03 -4.459628443270048592e+01 -8.051128913310638333e-03 -8.171057416020352515e-03 9.999345695822227098e-01 -6.040209900987889569e-01
0002524 002373 1.529788245278917713e-01 -9.882179448594183846e-01 -4.668346677842034539e-03 -5.497725881784232627e+01 9.881949558119879073e-01 1.529325379871324664e-01 9.034538718708599522e-03 -4.462040702550530114e+01 -8.214766490930043227e-03 -5.995292250954457891e-03 9.999486510728685662e-01 -5.002852761002856141e-01
0002525 002374 1.531952406564030256e-01 -9.881932393671671866e-01 -2.100879683750810686e-03 -5.594654339720677427e+01 9.881620519283560444e-01 1.531721494795371397e-01 8.565081348441555553e-03 -4.463069291538613470e+01 -8.142776798739535457e-03 -3.388102803338570185e-03 9.999614727140559989e-01 -3.799741738972386429e-01
0002526 002375 1.534800639215290752e-01 -9.881495864064457901e-01 -1.826612090550458001e-03 -5.684769763503440032e+01 9.881215743942247665e-01 1.534607798779122345e-01 8.052988062062780769e-03 -4.463562073675984720e+01 -7.677861101197494195e-03 -3.040851667653207257e-03 9.999662664779774834e-01 -3.935207091302146409e-01
0002527 002376 1.538215018286245017e-01 -9.880927068950542402e-01 -3.283711567645118332e-03 -5.782718240321522529e+01 9.880639591967669277e-01 1.537875788365183904e-01 8.846588900698075866e-03 -4.463675451638846425e+01 -8.236871893949736928e-03 -4.605275738438561854e-03 9.999558371581195315e-01 -4.513843776010588726e-01
0002528 002377 1.539934286759794546e-01 -9.880668240444765438e-01 -3.007072529157389304e-03 -5.872340267974632866e+01 9.880332579530232140e-01 1.539599395033662832e-01 9.269272262314467298e-03 -4.464565060589211498e+01 -8.696308896399929794e-03 -4.398457711130627189e-03 9.999528785522172614e-01 -4.285022895086001427e-01
0002529 002378 1.541150085955502180e-01 -9.880518680404467569e-01 -1.057272418226013226e-03 -5.961709030728579961e+01 9.880126862370695040e-01 1.540990610763850466e-01 9.148409204731955055e-03 -4.465760103242519108e+01 -8.876794520447445908e-03 -2.454469809559145770e-03 9.999579541015787276e-01 -3.259320247979928808e-01
0002530 002379 1.546454827976295743e-01 -9.879676248974158526e-01 1.949136243106334293e-03 -6.060270005215277678e+01 9.879326443134386349e-01 1.546564406408425241e-01 8.352493575303671786e-03 -4.464504923539334413e+01 -8.554056393424385937e-03 6.339743331483367562e-04 9.999635782926712402e-01 -1.841399832264301040e-01
0002531 002380 1.553314858553059841e-01 -9.878538127015238368e-01 4.003929703414721257e-03 -6.159517553757028452e+01 9.878296991408714867e-01 1.553579005885060982e-01 7.463446379098535866e-03 -4.462312869427569240e+01 -7.995453033385023500e-03 2.795925798021076190e-03 9.999644927252567816e-01 -1.066196945787112327e-01
0002532 002381 1.559236187461637557e-01 -9.877549512684596911e-01 5.200015756518866321e-03 -6.251113058455425886e+01 9.877320585454439916e-01 1.559610230182227886e-01 7.799743500001861569e-03 -4.460232876477857644e+01 -8.515851906113335035e-03 3.920090830478993073e-03 9.999564215673308887e-01 -2.312093625793920637e-02
0002533 002382 1.567288487591113055e-01 -9.876277017885284337e-01 5.162369373264364715e-03 -6.351244069505561640e+01 9.876016638659281810e-01 1.567672294415442258e-01 8.141593582734441351e-03 -4.456989856468226208e+01 -8.850770505770566912e-03 3.822374845902336369e-03 9.999538917335221155e-01 -1.946761393257645523e-02
