0003356 003211 1.133883459460483106e-01 -9.935497009149110159e-01 -1.742390677542119326e-03 8.760326270208716437e+01 9.934562142883351932e-01 1.133531286060602827e-01 1.401705792685569406e-02 -4.219524338615610759e+01 -1.372865353494686323e-02 -3.320447362652796924e-03 9.999000272315554660e-01 1.170260857336884897e+00
0003357 003212 1.132867781001073854e-01 -9.935616899558880055e-01 -5.856856674572694273e-04 8.657359162885913406e+01 9.934733341179343702e-01 1.132687543997977359e-01 1.342493434910780291e-02 -4.219873990515498008e+01 -1.327277686829867256e-02 -2.102694541270176687e-03 9.999100706245773740e-01 1.059939796477820551e+00
0003358 003213 1.128239924959416746e-01 -9.936131542366716252e-01 1.638010148341201375e-03 8.564156807649466430e+01 9.935264587546398518e-01 1.128357683589164273e-01 1.313541076229846581e-02 -4.217763853101951099e+01 -1.323695822171906504e-02 1.454515010461092525e-04 9.999127457359137106e-01 8.517786100267414895e-01
0003359 003214 1.124788323167769805e-01 -9.936503305452207835e-01 2.568759427381843343e-03 8.462322062670271805e+01 9.935720652708661671e-01 1.125023395441062529e-01 1.253309623038197096e-02 -4.216849859766352893e+01 -1.274312288546382982e-02 1.142574000888603360e-03 9.999185187736199243e-01 7.421517696897410588e-01
0003360 003215 1.123456160605002252e-01 -9.936682832943923849e-01 9.223075790194414742e-04 8.367207931999662662e+01 9.935845031909602554e-01 1.123481048131817484e-01 1.292366424576874527e-02 -4.217010510491491004e+01 -1.294607029122594316e-02 -5.354914949828964944e-04 9.999164212275025720e-01 8.887920042955386180e-01
0003361 003216 1.121330363753687553e-01 -9.936910353948326113e-01 -1.838146987530226133e-03 8.264388170397684519e+01 9.936117545216008873e-01 1.121000368534783992e-01 1.298345889114293009e-02 -4.216638511100791220e+01 -1.269610690302548986e-02 -3.282242426504003874e-03 9.999143824569813876e-01 1.108359726215454089e+00
0003362 003217 1.118701086327517080e-01 -9.937169583059601852e-01 -3.272698851577765435e-03 8.169976719201920901e+01 9.936446697104641679e-01 1.118195103656580008e-01 1.288134878979766557e-02 -4.215964687066389160e+01 -1.243507785148551675e-02 -4.692900902698467908e-03 9.999120368521305924e-01 1.213419906974564810e+00
0003363 003218 1.116533814740310743e-01 -9.937465599504473612e-01 -1.132607705165237936e-03 8.067514875111881167e+01 9.936729499458386572e-01 1.116310048941470262e-01 1.236170692613379647e-02 -4.215952516316338006e+01 -1.215785807866342182e-02 -2.505590444820283286e-03 9.999233303482558677e-01 1.115213176093405423e+00
0003364 003219 1.114658453688280731e-01 -9.937651028678943232e-01 -2.309527361996491397e-03 7.974050721870750635e+01 9.936868843442084875e-01 1.114267576313625469e-01 1.302837577519815569e-02 -4.216212157241989189e+01 -1.269041769584347730e-02 -3.747129348725542451e-03 9.999128205507586964e-01 1.124941609159350264e+00
0003365 003220 1.111923792626707541e-01 -9.937973724932835928e-01 -1.746841485731961009e-03 7.871793784379715930e+01 9.937280648113170356e-01 1.111632590182885516e-01 1.214560870278523844e-02 -4.215706241799034615e+01 -1.187597918449204322e-02 -3.086306328038115367e-03 9.999250941756945288e-01 1.140576023816038287e+00
0003366 003221 1.108509067801763254e-01 -9.938269755534980820e-01 -4.366713778920317500e-03 7.779035281716798522e+01 9.937677865417107181e-01 1.107903892863851547e-01 1.226223532024739611e-02 -4.214835842910815700e+01 -1.170336621407390421e-02 -5.698741815679924869e-03 9.999156417374500672e-01 1.234217788782771663e+00
0003367 003222 1.102172561560118141e-01 -9.939048886100071423e-01 -2.288803238634868654e-03 7.678815971199546198e+01 9.938437735795420114e-01 1.101837714621774350e-01 1.159044415111529745e-02 -4.211734935746153496e+01 -1.126749988146920692e-02 -3.552101418687472062e-03 9.999305896935335447e-01 1.141132086522674172e+00
0003368 003223 1.099035739143512103e-01 -9.939409897382082137e-01 -1.254401994147654213e-03 7.586744056844671036e+01 9.938693372251525826e-01 1.098801907868168087e-01 1.222221205259431225e-02 -4.211247840384839947e+01 -1.201093991009634723e-02 -2.589940274361600923e-03 9.999248797895601282e-01 9.817838459744194779e-01
0003369 003224 1.095740609792137388e-01 -9.939781120571874462e-01 3.023739946942865056e-04 7.486337716017393973e+01 9.938971568811016954e-01 1.095689788292009831e-01 1.274251985120129251e-02 -4.210521986225012370e+01 -1.269953250510368926e-02 -1.095685605545648018e-03 9.999191257092757690e-01 8.792328806494964510e-01
0003370 003225 1.092605600229605012e-01 -9.940126161245576020e-01 2.857705398199022898e-04 7.393600762283517724e+01 9.939289558056060292e-01 1.092550545751857921e-01 1.295508463835167226e-02 -4.209682129298926156e+01 -1.290935451761928560e-02 -1.131409052589912347e-03 9.999163991493712489e-01 8.818602954534213723e-01
0003371 003226 1.090217352780875060e-01 -9.940382776648085672e-01 1.463621464470768289e-03 7.292292203754064417e+01 9.939618355548334172e-01 1.090315007907367850e-01 1.233770331600534016e-02 -4.209501607579841220e+01 -1.242361837566029366e-02 1.097822421979405228e-04 9.999231970783039047e-01 8.578711232689641975e-01
0003372 003227 1.088402742147981800e-01 -9.940586504091570852e-01 4.840779259814187874e-04 7.200142984884467978e+01 9.939801018904302898e-01 1.088377452055979550e-01 1.253716955310137104e-02 -4.210049517812694830e+01 -1.251598323081525195e-02 -8.833500316439880798e-04 9.999216500456765688e-01 8.313661301498740386e-01
0003373 003228 1.090120607524589363e-01 -9.940397260115447775e-01 6.666778058064471357e-04 7.098284462247167426e+01 9.939584509903960363e-01 1.090116592318909616e-01 1.274145300124764589e-02 -4.212887652349036216e+01 -1.273880186810748098e-02 -7.262868373568530508e-04 9.999189627731329688e-01 8.208300525473362086e-01
0003374 003229 1.091123272237419922e-01 -9.940279738916030228e-01 1.392851132743500291e-03 7.004887721178025117e+01 9.939491682140844109e-01 1.091211954878975321e-01 1.252625166552568878e-02 -4.215275392634339369e+01 -1.260405001481704201e-02 1.768958309616232337e-05 9.999209339664948404e-01 7.523742642874964304e-01
0003375 003230 1.093199278584171819e-01 -9.939972203529934269e-01 4.208737322768496547e-03 6.903872336305857971e+01 9.939282991702552694e-01 1.093633828543442155e-01 1.206069133305315288e-02 -4.218773452851746697e+01 -1.244919077201326295e-02 2.864742448556332685e-03 9.999187704180078073e-01 5.298683113143027867e-01
0003376 003231 1.095595421503594291e-01 -9.939608662064425282e-01 6.128678366455438294e-03 6.810541324919009298e+01 9.939049974599739601e-01 1.096248728012324258e-01 1.159918833817469123e-02 -4.222211789063294418e+01 -1.220161093204648675e-02 4.820554779234438592e-03 9.999143059932148470e-01 3.742530928403198232e-01
0003377 003232 1.098747737105048028e-01 -9.939284876547717085e-01 5.720967237144170166e-03 6.709148801152667829e+01 9.938762523813976513e-01 1.099330611389625484e-01 1.113515932437126460e-02 -4.226035186047465686e+01 -1.169709108195238559e-02 4.462492824667978197e-03 9.999219969288449805e-01 3.775749870164730737e-01
0003378 003233 1.100796433720879486e-01 -9.939182793721609288e-01 2.822328604806471214e-03 6.616003574850850555e+01 9.938591781465542230e-01 1.101042069262750944e-01 1.096711268957887599e-02 -4.228780787048162892e+01 -1.121177980125922721e-02 1.597775235766601618e-03 9.999362370091189334e-01 5.527724498943484832e-01
0003379 003234 1.102281030526769123e-01 -9.939047784187289292e-01 1.448287233428620542e-03 6.515906877155870802e+01 9.938425716081848993e-01 1.102373927116713226e-01 1.113287276563626298e-02 -4.231240718022854708e+01 -1.122528663196946906e-02 2.122486513553767580e-04 9.999373394327680797e-01 6.382659503223635511e-01
0003380 003235 1.104241542152574057e-01 -9.938813826195567191e-01 2.313917015144008847e-03 6.423833328439559409e+01 9.938270048306171445e-01 1.104424571590452014e-01 1.047090027601136654e-02 -4.234184486665253644e+01 -1.066300378523483972e-02 1.143427121381464804e-03 9.999428619832587684e-01 5.477037935905570976e-01
0003381 003236 1.105308794418228685e-01 -9.938612259923502723e-01 4.673531738949413677e-03 6.325083454205130806e+01 9.938110612263094668e-01 1.105750405611973103e-01 1.058441759347845609e-02 -4.236683110285139264e+01 -1.103683446110171294e-02 3.474735641511044436e-03 9.999334224848299701e-01 3.955188885041565072e-01
0003382 003237 1.109621473311910994e-01 -9.938117868197827720e-01 4.956210680576642741e-03 6.232468163886781554e+01 9.937646732105726022e-01 1.110087089890561679e-01 1.039769233597614452e-02 -4.240790319348343473e+01 -1.088414737414569212e-02 3.771589594042395240e-03 9.999340203968560825e-01 3.651557100039894976e-01
0003383 003238 1.109579741741251180e-01 -9.938170297113954055e-01 3.886449114572737736e-03 6.134182952660555088e+01 9.937782693369971998e-01 1.109897394700110201e-01 9.237788645647927732e-03 -4.242563317988060589e+01 -9.612644586332553739e-03 2.837295784979195889e-03 9.999501387480489445e-01 3.743572189551827023e-01
0003384 003239 1.114539615814418433e-01 -9.937675471248536008e-01 1.766040370692662084e-03 6.041483834218999505e+01 9.937208046591782251e-01 1.114658786323949047e-01 9.674917656120017584e-03 -4.246935009807657480e+01 -9.812088596831684828e-03 6.766775293812588672e-04 9.999519979756233967e-01 5.108077109920117209e-01
0003385 003240 1.118188586835476978e-01 -9.937280961276471203e-01 2.586162350312627678e-04 5.942120100204869004e+01 9.936799946004152284e-01 1.118159682288929757e-01 9.826070894869665465e-03 -4.250539165706413769e+01 -9.793976690579679623e-03 -8.417230634195031064e-04 9.999520501746287371e-01 5.967796785630667955e-01
0003386 003241 1.117873722683110776e-01 -9.937320770412483295e-01 -3.591567309478611186e-04 5.851430037986878574e+01 9.937107345785304302e-01 1.117825603583291610e-01 6.622621253528559668e-03 -4.252178360911693744e+01 -6.540853681155604261e-03 -1.097146304801732480e-03 9.999783863013669283e-01 5.693476740429446181e-01
0003387 003242 1.120319827207993946e-01 -9.937017165994834755e-01 -2.184216892903885487e-03 5.753768306407627620e+01 9.936923695150432501e-01 1.120196051409270838e-01 5.134831697502004362e-03 -4.255902110276201711e+01 -4.858432997746174944e-03 -2.745668985154645081e-03 9.999847918212313447e-01 5.232203091144640439e-01
0003388 003243 1.128017253286093535e-01 -9.936160849818247431e-01 -1.379689606164911583e-03 5.661094095043273455e+01 9.936067547468887540e-01 1.127940541851379930e-01 4.735188609500146951e-03 -4.261732240940000338e+01 -4.549956730355349949e-03 -1.904970763490751928e-03 9.999881977574549552e-01 4.545037358585943821e-01
0003389 003244 1.132242770649445479e-01 -9.935687209623365046e-01 7.121876601857458911e-04 5.562948822641949675e+01 9.935594501499057651e-01 1.132262863652027940e-01 4.326895134880890184e-03 -4.265794966763132834e+01 -4.380323636698014826e-03 2.177257753617494894e-04 9.999907459368139184e-01 3.128127628879653344e-01
0003390 003245 1.133227285418385855e-01 -9.935558035571802060e-01 1.972220076207864461e-03 5.473629355790839668e+01 9.935507054377630265e-01 1.133292135035959269e-01 3.577565724291549478e-03 -4.268046120376402541e+01 -3.778639725743673360e-03 1.554114938131598333e-03 9.999920162612372376e-01 2.062183939139927702e-01
0003391 003246 1.138370828781939126e-01 -9.934980368768450143e-01 1.346187361880532476e-03 5.374901633479326790e+01 9.934937464093988035e-01 1.138407851930730436e-01 3.121448714618899837e-03 -4.272486879724237951e+01 -3.255021908152830584e-03 9.821263173018662546e-04 9.999945827470366755e-01 2.137447167584412000e-01
0003392 003247 1.142227139533472102e-01 -9.934546614715897839e-01 2.281466551180585500e-04 5.284196125620032092e+01 9.934465953862836596e-01 1.142226783863098671e-01 4.041573949939791452e-03 -4.275793419428737252e+01 -4.041797582214743181e-03 -2.349532272252131038e-04 9.999921673779312847e-01 3.042638484927948639e-01
0003393 003248 1.145443289241082907e-01 -9.934176394743371441e-01 1.106067001634712595e-04 5.186598330313373140e+01 9.934073766964794938e-01 1.145436171188361774e-01 4.562084433588980796e-03 -4.278876047482117428e+01 -4.545341020370818365e-03 -4.126484215408017736e-04 9.999899481023049042e-01 3.246440273851121106e-01
0003394 003249 1.147641418916170164e-01 -9.933916505190356627e-01 1.133767080298046142e-03 5.097152914247534738e+01 9.933785126712146862e-01 1.147684788718067450e-01 5.161219256930227837e-03 -4.281432197388676286e+01 -5.257850881160213048e-03 5.339713365921695560e-04 9.999863987090581441e-01 2.897360867397651418e-01
0003395 003250 1.152856106335978653e-01 -9.933283718318247635e-01 2.645452573659647089e-03 4.999160045237240979e+01 9.933184732426787455e-01 1.152975185027377697e-01 4.915751272321526762e-03 -4.285711593170071865e+01 -5.188585998606135181e-03 2.061095268259747516e-03 9.999847789522638974e-01 2.006938219508356269e-01
0003396 003251 1.157007005860745535e-01 -9.932780316717906288e-01 3.337943406780975123e-03 4.909168717041056595e+01 9.932752469474032120e-01 1.157129541796352440e-01 3.753215044204354003e-03 -4.289476888354784023e+01 -4.114846861121259497e-03 2.881280232445857219e-03 9.999877462732619238e-01 1.118479541946442168e-01
0003397 003252 1.163369184815640639e-01 -9.932053731289662846e-01 2.797632929772396210e-03 4.810977541614148834e+01 9.932037704895574359e-01 1.163452905762345641e-01 3.051441361761391899e-03 -4.294334913332568249e+01 -3.356816262102910002e-03 2.423657959920251861e-03 9.999917915230296384e-01 9.977812285324461072e-02
0003398 003253 1.169334724249730395e-01 -9.931377919500994356e-01 1.706595826656908494e-03 4.720574475160198347e+01 9.931343809331413253e-01 1.169381448154842573e-01 2.973853044747855421e-03 -4.298602856245906878e+01 -3.153629028682486315e-03 1.347170191352364474e-03 9.999944824290915024e-01 1.418701591330915335e-01
0003399 003254 1.175844744011335791e-01 -9.930623118130790239e-01 4.467284364518417589e-04 4.623308259379760443e+01 9.930579575435835027e-01 1.175852644744614789e-01 2.985011327569296428e-03 -4.303263207811869506e+01 -3.017449446006883942e-03 9.267075493980797942e-05 9.999958056694183695e-01 1.901074991839735162e-01
0003400 003255 1.181108850907910679e-01 -9.929996496891572155e-01 -7.589683298352482540e-04 4.534479451613164258e+01 9.929968109448656932e-01 1.181084828878190690e-01 2.651359573723201159e-03 -4.307268786261647620e+01 -2.543777101639921410e-03 -1.066772466894018575e-03 9.999965577313935094e-01 2.205646111467700621e-01
0003401 003256 1.185462574694636784e-01 -9.929475429986264201e-01 -1.003049119996604665e-03 4.439696346194197929e+01 9.929471243988825524e-01 1.185445764050352402e-01 1.576602961810774986e-03 -4.311072879605944763e+01 -1.447196133568451207e-03 -1.182839860287082439e-03 9.999986146999071401e-01 1.786132134511149161e-01
0003402 003257 1.192771099657755768e-01 -9.928605042415358239e-01 -2.170355605072887199e-04 4.351833149892372887e+01 9.928606555747108153e-01 1.192770709264654172e-01 8.645307085579825965e-05 -4.316009960685460101e+01 -6.056743583636324042e-05 -2.257633080389622577e-04 1.000000333314777112e+00 7.074950554710568440e-02
0003403 003258 1.198861302772179921e-01 -9.927866162459029198e-01 -1.049292501648334047e-03 4.258150770386529871e+01 9.927872928899393878e-01 1.198859122779717679e-01 2.466966347129542032e-04 -4.320258694817493961e+01 -1.197404167089895281e-04 -1.071264637195298202e-03 9.999997796616671986e-01 1.045894651512355722e-01
0003404 003259 1.209984017622057206e-01 -9.926497024959329840e-01 -2.239571187000435632e-03 4.170105835250026871e+01 9.926520158799475579e-01 1.209961559530983166e-01 1.102717646574322098e-03 -4.326160149444058334e+01 -8.242517885520920249e-04 -2.356506242419180615e-03 9.999972447721805491e-01 1.846020062581885668e-01
0003405 003260 1.221961531987479088e-01 -9.924842499477990465e-01 -6.494237255408490291e-03 4.075391097924456574e+01 9.925055262950802648e-01 1.221964294020768532e-01 3.515694602752315379e-04 -4.332819466944238229e+01 4.440261601014396271e-04 -6.488489093469921101e-03 9.999792110382113020e-01 3.122494302313043590e-01
0003406 003261 1.233733841247905971e-01 -9.923205701505423137e-01 -8.828077472228983494e-03 3.988874186182039239e+01 9.923588920542830705e-01 1.233814378881704921e-01 -3.747581134122674167e-04 -4.339253077058037888e+01 1.460482708279018261e-03 -8.714346996323110370e-03 9.999613221366281390e-01 3.611095673414226326e-01
0003424 003279 3.002932605738430349e-01 -9.538269890996942113e-01 6.243131784824887225e-03 1.737129875750622432e+01 9.538040924136418353e-01 3.003355543542938211e-01 7.549128004627731793e-03 -4.853625499474492244e+01 -9.075111395262354386e-03 3.687687325262721961e-03 9.999518049674415154e-01 1.459181032801666333e-01
0003425 003280 3.153147830097419724e-01 -9.489679764295058106e-01 6.109807071263409321e-03 1.582491564218742042e+01 9.489576082643559340e-01 3.153494587132573690e-01 5.905968959410012528e-03 -4.881654907690790424e+01 -7.530814974835161636e-03 3.935623480213762924e-03 9.999636833812615144e-01 7.031701142747692757e-02
0003426 003281 3.290547146685200430e-01 -9.443037746644350472e-01 3.532810367907879886e-03 1.439735448474152690e+01 9.443061512933533796e-01 3.290622063442747436e-01 1.805084414537927841e-03 -4.905053825610320928e+01 -2.867681030011987216e-03 2.742116039765926400e-03 9.999924910364836883e-01 -8.101153014589357326e-02
0003427 003282 3.435755451518573422e-01 -9.391248679250137066e-01 1.100421803292386900e-03 1.286749060596730487e+01 9.391252484122292188e-01 3.435758936954499410e-01 8.581476720225086809e-05 -4.928719717119201960e+01 -4.581825318086320286e-04 1.003864468500868671e-03 9.999991799805677539e-01 -1.612801164137138699e-01
0003428 003283 3.564274875393321218e-01 -9.343231729586273238e-01 7.263966127658137055e-04 1.148367507310990732e+01 9.343224671618954869e-01 3.564260764782738455e-01 -1.614765443210922384e-03 -4.947087710242522007e+01 1.250293001915012830e-03 1.254150175444494102e-03 9.999982215614885428e-01 -2.511126663920997260e-01
0003429 003284 3.697333697401557484e-01 -9.291356078013487396e-01 2.276429505424970925e-03 1.001680619041007958e+01 9.291365161725493316e-01 3.697269040014907748e-01 -2.834542807274175683e-03 -4.964056411658566503e+01 1.792503089631873082e-03 3.163053443513607656e-03 9.999931807389103033e-01 -3.342724969387376177e-01
0003430 003285 3.817329403804239352e-01 -9.242697976834787221e-01 2.496840352155863235e-03 8.675116241749719848e+00 9.242708247296212987e-01 3.817248145027724027e-01 -3.209998961638768546e-03 -4.977352670442451199e+01 2.014284665015583699e-03 3.533033613384095346e-03 9.999915199589869408e-01 -3.565302846020514949e-01
0003431 003286 3.942543357404037496e-01 -9.190015573204424193e-01 7.278575393118580242e-04 7.243318578536445784e+00 9.189961192007821689e-01 3.942491232113490840e-01 -3.795584797685075829e-03 -4.989334121215142659e+01 3.201677881600868258e-03 2.165239011384228422e-03 9.999923209766089505e-01 -3.757125678826973569e-01
0003432 003287 4.047125108042672892e-01 -9.144415812093712459e-01 -2.297725323499159780e-03 5.978356391702391193e+00 9.144239363261453812e-01 4.047190541884623793e-01 -5.659509109999026448e-03 -4.998214820767134370e+01 6.105709833741053590e-03 1.892928003616136843e-04 9.999811341688871202e-01 -4.591963027049192902e-01
0003433 003288 4.139386343128211854e-01 -9.102920359573156706e-01 -4.913509180260618864e-03 4.723521475683355675e+00 9.102388919974879755e-01 4.139676671538978225e-01 -9.830362406776533071e-03 -5.005453594178288768e+01 1.098302009441857671e-02 -4.033876003055996686e-04 9.999393980247938130e-01 -6.686284196309273398e-01
0003434 003289 4.206401840188527252e-01 -9.072112542537003055e-01 -5.524553733533337993e-03 3.668589049153297310e+00 9.071331525073420554e-01 4.206765310801211522e-01 -1.189229805387520024e-02 -5.009842799169382488e+01 1.311336175825861781e-02 -9.215130834228099109e-06 9.999138117408934434e-01 -7.803486401828898522e-01
0003435 003290 4.262628346031661075e-01 -9.045900770147844439e-01 -4.207548762291224258e-03 2.622209045893214352e+00 9.045178114020926419e-01 4.262822896332694178e-01 -1.147336678164749199e-02 -5.012769444754121650e+01 1.217278312771594845e-02 1.084780537780273687e-03 9.999251155441150063e-01 -7.725202767730756648e-01
0003436 003291 4.313119057052385297e-01 -9.022007211169806862e-01 -2.194112458801788460e-03 1.668120354394659444e+00 9.021698470072724296e-01 4.313156597912257140e-01 -7.554708964441827004e-03 -5.014333967134734849e+01 7.762704642116955572e-03 1.278887462477674682e-03 9.999688447869861108e-01 -5.869675437712520427e-01
0003437 003292 4.364457681838066483e-01 -8.997307168785906306e-01 -8.011555382439225319e-04 6.556732794465460756e-01 8.997117224506161470e-01 4.364421675771903431e-01 -6.144665335028604361e-03 -5.015543865951622138e+01 5.878687887275100242e-03 1.960918113894805775e-03 9.999805895791434862e-01 -5.195134930037550447e-01
0003438 003293 4.409435000227815427e-01 -8.975337912903372795e-01 1.012119546122771697e-03 -2.605253971585170802e-01 8.975071711942964603e-01 4.409209416093661793e-01 -8.298252846708317060e-03 -5.016100022676164372e+01 7.001077384537945404e-03 4.567477460955939560e-03 9.999654173054886019e-01 -6.165768810832128466e-01
0003440 003294 4.459853345900540722e-01 -8.950389937778304716e-01 1.783518129102949898e-03 -1.261187005352439883e+00 8.950269282822589378e-01 4.459666728124787594e-01 -6.420344744248799446e-03 -5.017108374367489887e+01 4.951555177514155130e-03 4.459591486762872793e-03 9.999775880097658831e-01 -5.444753279912450949e-01
0003441 003295 4.508784815252055989e-01 -8.925834003335707534e-01 2.093286695875548348e-03 -2.194311258059997272e+00 8.925655933824586663e-01 4.508514091221508813e-01 -7.770450348609487558e-03 -5.017154945837410196e+01 5.992499431348459644e-03 5.371839682917280666e-03 9.999674077438389652e-01 -6.172115614827635710e-01
0003442 003296 4.559422490660838267e-01 -8.900006576692957028e-01 4.058664094375999225e-03 -3.186061523977059551e+00 8.899897951619488712e-01 4.558968026767309945e-01 -8.777623454062090033e-03 -5.016706497002178367e+01 5.962243337120216174e-03 7.614173500039709414e-03 9.999530283566987476e-01 -6.676730387883926809e-01
0003443 003297 4.603289962654408263e-01 -8.877322257629590707e-01 5.440305606915444431e-03 -4.081494874721329325e+00 8.877216052773477806e-01 4.602584309237665594e-01 -1.064020316058111003e-02 -5.016066999536815274e+01 6.942190892885622203e-03 9.727388229240171991e-03 9.999283811491743723e-01 -7.610825566356951288e-01
0003444 003298 4.661042396351888772e-01 -8.846998248657459429e-01 7.348262806406623271e-03 -5.104913423706648246e+00 8.847219869723023100e-01 4.660481369083662173e-01 -8.178182713836823839e-03 -5.013775586455903976e+01 3.811077986703513554e-03 1.031297171260810337e-02 9.999393474964530792e-01 -6.316686936022417598e-01
0003445 003299 4.713115329279657928e-01 -8.819253641590262260e-01 8.606446501369609259e-03 -6.039380984324679957e+00 8.819627542777183082e-01 4.712557664953929693e-01 -7.777453046507465557e-03 -5.011147953018007684e+01 2.803780508504047538e-03 1.125608449680312595e-02 9.999325070389403214e-01 -6.029403226938754301e-01
0003446 003300 4.775102383532927042e-01 -8.785825533720068581e-01 8.805970882333223615e-03 -7.082226338975260660e+00 8.786197702757591044e-01 4.774433201593367704e-01 -8.709787159266844589e-03 -5.007816813171120884e+01 3.448401113587144708e-03 1.189603097518193535e-02 9.999230834207910590e-01 -6.510700739019590344e-01
0003447 003301 4.842682869591655725e-01 -8.748831424282296210e-01 8.039121279547286128e-03 -8.101125830991350085e+00 8.749014157325064600e-01 4.841778979782687120e-01 -1.095454039119600487e-02 -5.003311725888488581e+01 5.692063598897624012e-03 1.233829262016637902e-02 9.999074701562941092e-01 -7.738035038343857863e-01
0003448 003302 4.916686807604267462e-01 -8.707555275714511378e-01 6.898390018023601612e-03 -9.205678567066343021e+00 8.707493159612216260e-01 4.915651025316928324e-01 -1.265159685792684695e-02 -4.997344751870787150e+01 7.625926389213428733e-03 1.222708088356139200e-02 9.998959583777072835e-01 -8.722851747846567250e-01
0003449 003303 4.994889947329845814e-01 -8.662963827666666505e-01 6.493521737560678693e-03 -1.027849163186124315e+01 8.663004818874217028e-01 4.994124087849732274e-01 -1.055406818027742298e-02 -4.989453605017661175e+01 5.900492236336176560e-03 1.089690043842501954e-02 9.999230090737972754e-01 -7.745473424160902454e-01
0003450 003304 5.097116043613676428e-01 -8.603220947212133485e-01 6.391265226060437003e-03 -1.153886842893598441e+01 8.603391493565312187e-01 5.096647747660550953e-01 -7.685815150951063636e-03 -4.977301214367435023e+01 3.355359804414335956e-03 9.416122025890481459e-03 9.999498278681513419e-01 -6.338442673809190353e-01
0003451 003305 5.210422285670518461e-01 -8.535116402165596750e-01 5.804221947397225807e-03 -1.281091435843063664e+01 8.535301981715247566e-01 5.210190352770018851e-01 -5.100999771506561919e-03 -4.962200600999858580e+01 1.330139176347202397e-03 7.611832485509360813e-03 9.999699340789152124e-01 -5.142422028926958433e-01
0003452 003306 5.345751810133052562e-01 -8.451076268802309999e-01 4.839566125572858542e-03 -1.426170342886393883e+01 8.451200163859006187e-01 5.345555099060230742e-01 -4.833510981189664303e-03 -4.942090232838654629e+01 1.498305061279914859e-03 6.673803960220069977e-03 9.999763967660814101e-01 -5.156642971646334672e-01
0003453 003307 5.474045981648625325e-01 -8.368592417149498530e-01 3.731115595003154945e-03 -1.561980519479971008e+01 8.368596277954558627e-01 5.473742764715177067e-01 -6.824404763896504272e-03 -4.920311593573114806e+01 3.668130346056099490e-03 6.858162120446893023e-03 9.999701132811229520e-01 -6.133168009577083524e-01
0003454 003308 5.614908422326547743e-01 -8.274772583418515959e-01 2.927431407385942125e-03 -1.710359367039427525e+01 8.274668475363364806e-01 5.614548061161825920e-01 -8.146164319506495055e-03 -4.894396147864244995e+01 5.096525229996689416e-03 6.996379861445448448e-03 9.999628949887315876e-01 -6.958920619123016849e-01
0003455 003309 5.746498389094910619e-01 -8.183950503151701250e-01 2.486296902062403759e-03 -1.848305410025977835e+01 8.183859229160992399e-01 5.746208391735719845e-01 -7.384772833905806771e-03 -4.867368346380499133e+01 4.614364742912018501e-03 6.278441451614678002e-03 9.999700018575333749e-01 -6.683078399130941705e-01
0003456 003310 5.894516281567737659e-01 -8.077989132314069565e-01 2.610485301207813962e-03 -2.001026763709751322e+01 8.077992426718842989e-01 5.894353928907607454e-01 -5.049313213836098720e-03 -4.833507239098253194e+01 2.539498389741887043e-03 5.085106328486077576e-03 9.999842053672066688e-01 -5.529237825948634111e-01
0003457 003311 6.036343398502370672e-01 -7.972579050465825601e-01 2.521787514593064067e-03 -2.145519833807975374e+01 7.972616654312851825e-01 6.036297836261557137e-01 -2.401935823965649190e-03 -4.798572627806288438e+01 3.932206342371176379e-04 3.460328910056911702e-03 9.999937247875259061e-01 -4.501032191915825820e-01
0003458 003312 6.193749451194721090e-01 -7.850937053204636307e-01 1.326699060222897176e-03 -2.304349139956320869e+01 7.850926410319332138e-01 6.193680930066541857e-01 -3.459912517042349357e-03 -4.755344224298823974e+01 1.894020503469648082e-03 3.184596968842567846e-03 9.999934950250672916e-01 -5.115415794307196506e-01
0003459 003313 6.341532651355927808e-01 -7.732056078589917281e-01 1.334175965312218775e-03 -2.452807117806787573e+01 7.732031418639742082e-01 6.341438346227868950e-01 -4.194847018099962313e-03 -4.711872621926431748e+01 2.396802143259074702e-03 3.691799254683346843e-03 9.999906721451821134e-01 -5.505161228796424666e-01
0003460 003314 6.504678542990053325e-01 -7.595323139818288549e-01 1.200853537048248744e-03 -2.615865312315509073e+01 7.595307655385798995e-01 6.504605956944414791e-01 -3.642516701836379534e-03 -4.659650235951767172e+01 1.984881467662182389e-03 3.281457527745234009e-03 9.999930055924197703e-01 -5.303317580116519991e-01
0003461 003315 6.668686887164986254e-01 -7.451742053848233738e-01 8.656224969146726319e-04 -2.774997934893826823e+01 7.451748003711963220e-01 6.668680726456989172e-01 -8.371237004818635414e-04 -4.602049227253883146e+01 4.592796242751905067e-05 1.203325357340129589e-03 9.999996355609325205e-01 -4.121875613466414734e-01
0003462 003316 6.865516922504575348e-01 -7.270803812411837930e-01 -3.633388741797101700e-04 -2.959900449837368797e+01 7.270743173626996736e-01 6.865435459556316067e-01 4.486906139770089307e-03 -4.526236864107659130e+01 -3.013512422149971105e-03 -3.344631536710304057e-03 9.999902283872242892e-01 -2.087244251375750537e-01
0003463 003317 7.066684671989388322e-01 -7.075403040602933347e-01 -2.333802555626303052e-03 -3.143528366481541525e+01 7.075314080036627651e-01 7.066318503968705977e-01 8.352431547982337029e-03 -4.441695413492925582e+01 -4.261157773723241518e-03 -7.553599654622098099e-03 9.999627550030228962e-01 -1.099711172253421410e-01
0003464 003318 7.300478211229910475e-01 -6.833815169500123687e-01 -4.378103919220559422e-03 -3.353622258946779766e+01 6.833901929091078520e-01 7.300014076424810039e-01 8.662179325088203638e-03 -4.334537452030463101e+01 -2.724170952875071099e-03 -9.315719607238558131e-03 9.999532589500831348e-01 -1.856921278172549705e-01
0003465 003319 7.523635828068562237e-01 -6.587221054158796107e-01 -5.787129655010812314e-03 -3.553590838747186353e+01 6.587473828532143250e-01 7.523270208448900043e-01 7.425841489412539874e-03 -4.222036863638459181e+01 -5.383715192495251581e-04 -9.399150322610893074e-03 9.999560426468356855e-01 -3.123703798881010130e-01
0003466 003320 7.765881616868927084e-01 -6.299765540663674335e-01 -6.299655894080374331e-03 -3.772273395681168040e+01 6.300080794441406118e-01 7.765529066356349208e-01 7.391929666388325805e-03 -4.086614798487971711e+01 2.346530900813568207e-04 -9.709280435197871484e-03 9.999531963787593458e-01 -3.581881958857735526e-01
0003467 003321 7.980340588061209939e-01 -6.025751937385477319e-01 -6.623504926101177193e-03 -3.969995890603604494e+01 6.026116315757711339e-01 7.979821467266415835e-01 9.094537049464935380e-03 -3.953597700338059440e+01 -1.953195259350901341e-04 -1.124911055221238659e-02 9.999370678751853259e-01 -3.272591856645803432e-01
0003468 003322 8.202395900679861906e-01 -5.719751845917099287e-01 -7.121217810349337977e-03 -4.179492546680739906e+01 5.720182422593642624e-01 8.201471305946496093e-01 1.236947803526694360e-02 -3.801074536257328873e+01 -1.235207832271791083e-03 -1.421936068589263295e-02 9.998984975953691956e-01 -2.525878153578844376e-01
0003469 003323 8.397825621249196404e-01 -5.428784241562983892e-01 -6.891808294247699258e-03 -4.368361307005034178e+01 5.429170430212525433e-01 8.396513155534519601e-01 1.502823522040807463e-02 -3.652748949840724890e+01 -2.372406390609949848e-03 -1.636208733266002191e-02 9.998636788634159833e-01 -1.800675394297428511e-01
0003470 003324 8.598242407046926550e-01 -5.105548687746690462e-01 -5.936277066799883553e-03 -4.567569497099020737e+01 5.105816671269830520e-01 8.596888273823967141e-01 1.551020776886702368e-02 -3.484908197596996615e+01 -2.816078533212378835e-03 -1.636696412835314529e-02 9.998624481672242492e-01 -1.600061238041377010e-01
0003471 003325 8.772744655827870996e-01 -4.799622741997121023e-01 -4.997996761282979573e-03 -4.746368339339142040e+01 4.799807850480630744e-01 8.771545322842910775e-01 1.474647536295167413e-02 -3.323034051028844260e+01 -2.694354047452415194e-03 -1.533560648780095750e-02 9.998791340362865876e-01 -1.773518626572325729e-01
0003472 003326 8.950005816291574101e-01 -4.460366579229791961e-01 -4.949523819251832116e-03 -4.934514399915906324e+01 4.460588997796078869e-01 8.948809082006655702e-01 1.478767576334595081e-02 -3.139962964191681749e+01 -2.167228546173621297e-03 -1.544271524772519721e-02 9.998787666716522082e-01 -2.091702538427426816e-01
0003473 003327 9.102100432326839519e-01 -4.141010781513006500e-01 -6.109000271659957397e-03 -5.102608113870883244e+01 4.141451552453412899e-01 9.100759123086531455e-01 1.564522239590827174e-02 -2.964352599162293700e+01 -9.196689898054928895e-04 -1.677040867888035872e-02 9.998593042760383076e-01 -2.770259255046241265e-01
0003474 003328 9.250395757852412082e-01 -3.797538790082564675e-01 -9.383755392613199464e-03 -5.275873273006072850e+01 3.798624347587762906e-01 9.248933080211507729e-01 1.661221344218413026e-02 -2.772544012749222020e+01 2.369801259164017876e-03 -1.893144710081692134e-02 9.998183338426063216e-01 -4.629935536241660543e-01
0003475 003329 9.372114803767742641e-01 -3.485538453366389677e-01 -1.201147850709417299e-02 -5.427238102770434125e+01 3.487188096426524497e-01 9.370769042968949414e-01 1.677071293597110629e-02 -2.595601603942395741e+01 5.409560303360851953e-03 -1.990628925001342031e-02 9.997875718491612274e-01 -6.460611703606709000e-01
0003476 003330 9.489789320148900309e-01 -3.150913799997240861e-01 -1.248082293906972208e-02 -5.583102454129948455e+01 3.152707118167431544e-01 9.488519726042018432e-01 1.683554262447708311e-02 -2.402586578860746158e+01 6.537097908771933967e-03 -1.991136906494726799e-02 9.997807333534775021e-01 -7.214710452034402977e-01
0003477 003331 9.582757260609238159e-01 -2.855991509860183464e-01 -1.182948067913598862e-02 -5.717552847943352390e+01 2.857660868403316679e-01 9.581600040710727129e-01 1.631205179611425540e-02 -2.229733426379129924e+01 6.675209841720973827e-03 -1.901186318954575100e-02 9.997973302056673006e-01 -7.382764545149704816e-01
0003478 003332 9.669791113813738237e-01 -2.546513042229688328e-01 -1.016536418979107834e-02 -5.855165297948769876e+01 2.547903372903678187e-01 9.668600105113902554e-01 1.620419403237722752e-02 -2.045550420116478563e+01 5.701446921763542001e-03 -1.825910978872510859e-02 9.998173886385246512e-01 -6.835445040017162910e-01
0003479 003333 9.738582555873936952e-01 -2.270009331214762893e-01 -8.359764182065675467e-03 -5.975511573581025004e+01 2.271113257043796962e-01 9.737322342808935050e-01 1.627691506556165971e-02 -1.878598050010259612e+01 4.444679291362730808e-03 -1.774996152798748866e-02 9.998329348124938010e-01 -6.066464574859793402e-01
0003480 003334 9.800946341899788861e-01 -1.984135046436018845e-01 -6.781128278179594793e-03 -6.098474127182453230e+01 1.984984382761782740e-01 9.799728586998888158e-01 1.583358996179698788e-02 -1.703846478529271735e+01 3.503102925107882352e-03 -1.686441737390344253e-02 9.998520065212287422e-01 -5.543821367925048094e-01
0003481 003335 9.849924707320919515e-01 -1.724984674423333531e-01 -5.780888746939405812e-03 -6.207288814915500552e+01 1.725710591593029586e-01 9.848628262659621102e-01 1.623236166346507525e-02 -1.543351808910142609e+01 2.892705890092840335e-03 -1.698632514067987057e-02 9.998518955074096048e-01 -5.166993615603772128e-01
0003482 003336 9.894492044300432498e-01 -1.448048135700396866e-01 -4.589393019818353327e-03 -6.320553435655074281e+01 1.448611823512759855e-01 9.893167313246704619e-01 1.632804662308919713e-02 -1.369259144587567789e+01 2.175365966573296079e-03 -1.682055446237055302e-02 9.998565164732855504e-01 -4.744988895978750065e-01
0003483 003337 9.927790241904871360e-01 -1.198752125651864620e-01 -4.384431833783648293e-03 -6.420771301316381141e+01 1.199313524954305488e-01 9.926482179390574423e-01 1.628502748130888564e-02 -1.210667250835672348e+01 2.399405805832972687e-03 -1.669322229591373163e-02 9.998581378716373536e-01 -4.920596064533384606e-01
0003484 003338 9.955790681757912264e-01 -9.382862860374821534e-02 -4.221268456610898639e-03 -6.524506587724226847e+01 9.388421130856945684e-02 9.954569012371188297e-01 1.582271072960695843e-02 -1.042971040694965268e+01 2.716848542625394276e-03 -1.614902750757500963e-02 9.998662630110611849e-01 -5.200529969503691063e-01
0003485 003339 9.975002431876356379e-01 -7.056187771729367786e-02 -3.819130585152133786e-03 -6.616302380688375706e+01 7.060983042078498861e-02 9.974007338882081575e-01 1.435610205235780291e-02 -8.905037170545483605e+00 2.796316242344196439e-03 -1.458979997520277669e-02 9.998900328441935326e-01 -5.186262820868208223e-01
0003486 003340 9.988953425674614861e-01 -4.683251508385737755e-02 -3.777251312245997420e-03 -6.711712866967081936e+01 4.688429673729317682e-02 9.987866542924974667e-01 1.504235794371753566e-02 -7.346600298722933076e+00 3.067575616593282845e-03 -1.520279361122555718e-02 9.998800833402290422e-01 -5.552060728203542794e-01
0003487 003341 9.996256769746147963e-01 -2.692182840303308788e-02 -4.896821462426290822e-03 -6.795929483378222358e+01 2.698113640374932495e-02 9.995581084723341725e-01 1.247518944302472566e-02 -6.010880124352638632e+00 4.558908993629978181e-03 -1.260255882153470119e-02 9.999105719931781211e-01 -6.519984680449795178e-01
0003488 003342 9.999530118107261556e-01 -7.449746236426595461e-03 -6.166569066754872680e-03 -6.884343862105652079e+01 7.525604736871920226e-03 9.998947664424032711e-01 1.237347817092612247e-02 -4.704130688457780707e+00 6.073117746667597815e-03 -1.241926482184612344e-02 9.999047913226403184e-01 -7.794177652969231929e-01
0003489 003343 9.999406236952531613e-01 7.308848403514255597e-03 -8.090996224509790571e-03 -6.963056155074809794e+01 -7.236316409497860550e-03 9.999336533529940008e-01 8.956788411380277315e-03 -3.692238044947316666e+00 8.156030363243520209e-03 -8.897625614946523542e-03 9.999275338155926285e-01 -9.272571778477587401e-01
0003490 003344 9.997861615257548351e-01 1.914172462206150532e-02 -7.789071931055107853e-03 -7.046560729680095392e+01 -1.907979721538033413e-02 9.997859388861788377e-01 7.950539650704037051e-03 -2.887121065049427671e+00 7.938969660717023341e-03 -7.800188433574059034e-03 9.999384183543065241e-01 -9.423226596253186926e-01
0003491 003345 9.996226029296920723e-01 2.672733398874593130e-02 -6.383222378604931288e-03 -7.122372255631398730e+01 -2.669364323130828803e-02 9.996296869919338857e-01 5.305292909094256118e-03 -2.354850823238166413e+00 6.522758633708255170e-03 -5.132822431768077447e-03 9.999659342118563110e-01 -8.388927594663364573e-01
0003492 003346 9.994641699253440370e-01 3.239398931481746180e-02 -4.619133370053356974e-03 -7.204971474203830439e+01 -3.236462212990127985e-02 9.994558068824359598e-01 6.299934211352364519e-03 -1.968138261298463476e+00 4.820079814036645066e-03 -6.147024611155243665e-03 9.999698473604199389e-01 -7.310272695406396792e-01
0003493 003347 9.993135382133329081e-01 3.680660388541846795e-02 -4.140924515912979692e-03 -7.281712659195909509e+01 -3.677880353029968491e-02 9.993011856118406699e-01 6.604236199479725580e-03 -1.659720297432841107e+00 4.380489602950998589e-03 -6.447367630944613251e-03 9.999699785590514534e-01 -6.977587387995214385e-01
0003494 003348 9.991306688998761176e-01 4.148898801554738031e-02 -3.996448567541189059e-03 -7.365393740757735941e+01 -4.145663231812556776e-02 9.991088869211051104e-01 7.868709810126739770e-03 -1.327971888431306979e+00 4.318731609571907840e-03 -7.696152382094792813e-03 9.999614157614240550e-01 -6.934016693749818216e-01
0003495 003349 9.989472188954340304e-01 4.569951975354997337e-02 -3.945145443095559971e-03 -7.443233646619319188e+01 -4.566529248306389066e-02 9.989213497778673956e-01 8.373202410272643711e-03 -1.027230516366671509e+00 4.322919142269148439e-03 -8.184194427712909031e-03 9.999575223701923088e-01 -6.959630826428195860e-01
0003496 003350 9.987436720676159396e-01 4.992287113074540122e-02 -4.285732180980042147e-03 -7.528168158765129192e+01 -4.988630448635714837e-02 9.987204325535282701e-01 8.256711863110938535e-03 -7.238968888235035593e-01 4.691824459812699022e-03 -8.032503115115040629e-03 9.999570893049167797e-01 -7.292041833179112587e-01
0003497 003351 9.986073774299268901e-01 5.253610746758417827e-02 -4.739173538442086227e-03 -7.607112803261316003e+01 -5.250251473369792199e-02 9.985960175032918551e-01 6.957869031440284610e-03 -5.398278415090089766e-01 5.097440748437092640e-03 -6.699321895483097665e-03 9.999649241144771272e-01 -7.689862348053821961e-01
0003498 003352 9.985007774674545811e-01 5.426721157115689531e-02 -7.094621247408661006e-03 -7.693355903342398960e+01 -5.423022550107724910e-02 9.985137480110307662e-01 5.308175783872052383e-03 -4.243584432912257398e-01 7.371519375305649394e-03 -4.915435106365630830e-03 9.999611046176464235e-01 -9.570386022406740523e-01
