0004225 004072 1.054634726180205678e-01 -9.944170344762431890e-01 -3.355358553302211031e-03 8.268724390657939693e+01 9.943448667936105601e-01 1.054123357407587280e-01 1.287648483156672054e-02 -4.154505647587757267e+01 -1.245151507185832465e-02 -4.694345376077769562e-03 9.999118255559962254e-01 1.242309971495942023e+00
0004226 004073 1.054374398845307897e-01 -9.944190001184683991e-01 -3.581961409815071894e-03 8.194220165870680717e+01 9.943525925909859620e-01 1.053853564557527683e-01 1.249472780056534206e-02 -4.155908637723405263e+01 -1.204812353336727135e-02 -4.879107773639372765e-03 9.999158827069561939e-01 1.238777052684937985e+00
0004227 004074 1.052948440095346910e-01 -9.944374811938204717e-01 -2.477759954826858589e-03 8.114435456249046297e+01 9.943680537245639384e-01 1.052566898711974480e-01 1.234863631700971499e-02 -4.156543714915369492e+01 -1.201976177818878805e-02 -3.764016462834912993e-03 9.999210434228583688e-01 1.133479749747934306e+00
0004228 004075 1.048728694467871009e-01 -9.944816599086813147e-01 -2.635401216148120992e-03 8.041948673316468899e+01 9.944117538528507438e-01 1.048325038196634418e-01 1.243721231167850029e-02 -4.154617431114184001e+01 -1.209291912613964619e-02 -3.924963544304128742e-03 9.999195425537678039e-01 1.143750561507005159e+00
0004229 004076 1.044399211294530089e-01 -9.945246384982407983e-01 -3.477747127805862464e-03 7.963342054610541254e+01 9.944561037497171574e-01 1.043885425221483809e-01 1.262443240281216697e-02 -4.152677325983950141e+01 -1.219288790092401889e-02 -4.776924454867501404e-03 9.999146214436068769e-01 1.209979432956359346e+00
0004230 004077 1.040966331054842264e-01 -9.945571492518857637e-01 -4.363330429050365881e-03 7.890667677373113520e+01 9.944970243918703767e-01 1.040363182742434084e-01 1.230536025301953024e-02 -4.151505738928426581e+01 -1.178505607439261915e-02 -5.620227861214742958e-03 9.999151267498428419e-01 1.260298590041543321e+00
0004231 004078 1.035332326221105326e-01 -9.946114439116098271e-01 -5.290828033842077602e-03 7.812921159563117612e+01 9.945584696685817461e-01 1.034629334280658119e-01 1.217199804252403969e-02 -4.148732891671807010e+01 -1.155961982520110898e-02 -6.522206173531433157e-03 9.999122815505101514e-01 1.314993932863487203e+00
0004232 004079 1.034325986914389067e-01 -9.946288568178833778e-01 -3.768716191361420713e-03 7.739986555865442597e+01 9.945644671462067210e-01 1.033789031222938082e-01 1.239475048534520799e-02 -4.149667247036995832e+01 -1.193918749962737634e-02 -5.030214941955556823e-03 9.999164405979058534e-01 1.199327019622018042e+00
0004233 004080 1.034902633560516455e-01 -9.946292073053445426e-01 -1.243650738362975369e-03 7.660494523780317877e+01 9.945527933028768253e-01 1.034665273863311225e-01 1.259757673132045827e-02 -4.152069969890817447e+01 -1.240185701509773260e-02 -2.540566908465588525e-03 9.999202346067191938e-01 1.008425050699372605e+00
0004234 004081 1.040016086434166903e-01 -9.945766336401650198e-01 1.249822974140646662e-04 7.585023622480619565e+01 9.944958109865963403e-01 1.039947258820698578e-01 1.274550760783278898e-02 -4.157794331609420624e+01 -1.268999659066998541e-02 -1.201223777515209295e-03 9.999191255208309537e-01 9.074585870337870119e-01
0004235 004082 1.044686255403471375e-01 -9.945275866219975835e-01 4.952703583604654543e-04 7.503478295071758453e+01 9.944460801970121944e-01 1.044663903121227089e-01 1.276969098717973053e-02 -4.163201593592566496e+01 -1.275216515780892151e-02 -8.414770507781003462e-04 9.999187021504496453e-01 8.756527306484258588e-01
0004236 004083 1.046209376685223180e-01 -9.945116811492679121e-01 7.365858634141741372e-05 7.429365143440486463e+01 9.944315816834263799e-01 1.046134184215487817e-01 1.269372340194458229e-02 -4.166039197278678330e+01 -1.263237691138871521e-02 -1.254745653602538230e-03 9.999197893465849862e-01 8.948308470976797935e-01
0004237 004084 1.049551516323507239e-01 -9.944764677764021954e-01 3.756897659815151282e-05 7.348479853223884106e+01 9.944016910294404266e-01 1.049476901025484382e-01 1.226900601792987877e-02 -4.170530470206813334e+01 -1.220579568660566140e-02 -1.250301556206102329e-03 9.999250928178009534e-01 8.718764438091284319e-01
0004238 004085 1.052712714191149368e-01 -9.944428792222194113e-01 6.113329331956373226e-04 7.274010738326350634e+01 9.943688159243652125e-01 1.052708767471212392e-01 1.216527777811945120e-02 -4.174655780202465394e+01 -1.216264545673793711e-02 -6.727286724352034807e-04 9.999261740205660498e-01 8.179856183524236712e-01
0004239 004086 1.057650042080369446e-01 -9.943905163842591266e-01 5.703391956738230670e-04 7.192678791599334431e+01 9.943122230254981542e-01 1.057638193059022569e-01 1.251066966783905866e-02 -4.180006498697730422e+01 -1.250142870259511076e-02 -7.560604899503169931e-04 9.999219364877218741e-01 8.331372538489034696e-01
0004240 004087 1.062793859628811677e-01 -9.943354008269215116e-01 9.220783504980399918e-04 7.117555676553425315e+01 9.942577428127007400e-01 1.062825916319213859e-01 1.244338519146112598e-02 -4.185455970513703505e+01 -1.247151499972961111e-02 -4.056568254878353754e-04 9.999225135625540162e-01 7.990460261199103797e-01
0004241 004088 1.067376219097893181e-01 -9.942853660860404563e-01 1.655773422975776940e-03 7.036874235885025541e+01 9.942121110003576678e-01 1.067498495699709671e-01 1.208461847567743157e-02 -4.190644241141853854e+01 -1.219292877227047371e-02 3.563411836262631027e-04 9.999259680633478808e-01 7.248349183194733314e-01
0004242 004089 1.070488227341775678e-01 -9.942476260416118761e-01 3.354574759224851748e-03 6.963212441571334921e+01 9.941861653085637407e-01 1.070801943776137077e-01 1.126884073465164032e-02 -4.194837240799824940e+01 -1.156384255917436606e-02 2.128789379450243650e-03 9.999312382593517068e-01 5.658541978129676409e-01
0004243 004090 1.075353664094665512e-01 -9.941832400082475374e-01 5.905155408259281022e-03 6.883017434434572124e+01 9.941338447418939239e-01 1.075951831462266389e-01 1.097530173487129557e-02 -4.200294816702808021e+01 -1.154744310503977821e-02 4.690314157279925310e-03 9.999226935508659375e-01 3.712188975474219887e-01
0004244 004091 1.079517114567549729e-01 -9.941363810650966082e-01 6.190789970986943121e-03 6.809057067299426080e+01 9.940898842711952677e-01 1.080141431019108617e-01 1.084114488454567676e-02 -4.204821827077739727e+01 -1.144688526816072319e-02 4.983913809202438101e-03 9.999224294338193708e-01 3.429153000276556895e-01
0004245 004092 1.084404508685460899e-01 -9.940895908728776265e-01 5.060898171151973976e-03 6.728851463868804217e+01 9.940389921079301194e-01 1.084896777634725001e-01 1.075974210714276610e-02 -4.209814525991077971e+01 -1.124581918363069290e-02 3.863971773274587056e-03 9.999296657567067204e-01 4.125646341959310348e-01
0004246 004093 1.087934392381608301e-01 -9.940601338450620883e-01 2.730750062725415678e-03 6.655322158810116662e+01 9.940069076432439532e-01 1.088162037041054686e-01 1.041929769940874023e-02 -4.213691925621515111e+01 -1.065517357325774551e-02 1.580866953016452862e-03 9.999423495386550176e-01 5.437194302989070138e-01
0004247 004094 1.088590268901207664e-01 -9.940560699747038598e-01 1.144235056633017460e-03 6.577454899025354962e+01 9.940032567040208988e-01 1.088650181788628907e-01 1.025874316364293153e-02 -4.215706083859549835e+01 -1.032295000749045705e-02 2.065146166500646851e-05 9.999470836664190454e-01 6.302142721556691640e-01
0004248 004095 1.089166602914660442e-01 -9.940490369410714955e-01 1.652720190727643198e-03 6.506219255998016138e+01 9.939965036937813414e-01 1.089279044575824501e-01 1.024508115598384353e-02 -4.217663054059903516e+01 -1.036475699362402782e-02 5.269726344377306587e-04 9.999465125863462589e-01 5.866375384842257290e-01
0004249 004096 1.090301780497133777e-01 -9.940330841071219892e-01 3.114267333428477093e-03 6.429283532148548375e+01 9.939882545627667376e-01 1.090555281389097853e-01 9.671319686820207748e-03 -4.220221254065472749e+01 -9.953856235705741892e-03 2.041113199220414252e-03 9.999487427412685481e-01 4.627795136422747646e-01
0004250 004097 1.090557018282879570e-01 -9.940262513090915020e-01 4.208603411241627554e-03 6.358922149159201354e+01 9.939817653018789834e-01 1.090927682443583596e-01 9.914987884189749301e-03 -4.221893582988832350e+01 -1.031550266310739261e-02 3.102022300189264357e-03 9.999423492700683092e-01 4.000252293605370824e-01
0004251 004098 1.094028127372939085e-01 -9.939879644930881275e-01 4.243520124181133883e-03 6.281372513410599367e+01 9.939400824428609171e-01 1.094412611060569807e-01 1.024797399280901952e-02 -4.225552175184293446e+01 -1.065139543425328364e-02 3.096680848587855459e-03 9.999388445129183678e-01 4.062779566033043466e-01
0004252 004099 1.094837872365379966e-01 -9.939819337315565217e-01 3.502229698495801929e-03 6.210900515975387748e+01 9.939400911918717663e-01 1.095124619773164693e-01 9.455585397959650334e-03 -4.227570963957168715e+01 -9.782835300437067727e-03 2.445806753805148531e-03 9.999495224691046236e-01 4.120185817211563517e-01
0004253 004100 1.093966632098618275e-01 -9.939951398543647176e-01 2.255892414265079499e-03 6.135497738846865445e+01 9.939594387882452198e-01 1.094120822275788940e-01 8.539942783174908625e-03 -4.228741211150008894e+01 -8.736100438951829861e-03 1.308058433483735199e-03 9.999613500179503900e-01 4.404902060483379955e-01
0004254 004101 1.099017991777451880e-01 -9.939415653083867319e-01 9.010133898822975497e-04 6.063564299113059519e+01 9.939003840135967049e-01 1.099054261168460472e-01 9.061944333654462294e-03 -4.233050531554636109e+01 -9.106686089551806196e-03 -1.003716252141330882e-04 9.999588944245439981e-01 5.376430674805021681e-01
0004255 004102 1.100966470636820793e-01 -9.939211714114052354e-01 6.161693986471074736e-04 5.987740962299386638e+01 9.938603524779512366e-01 1.100967597070003773e-01 1.099745622047663268e-02 -4.235881035097190761e+01 -1.099795735654606268e-02 -5.984833884182630707e-04 9.999391254293930054e-01 6.102308062152985713e-01
0004256 004103 1.098970947136204412e-01 -9.939423606656120347e-01 -5.177398572339759943e-04 5.919049133809321006e+01 9.939122208804711534e-01 1.098896232488432156e-01 7.878270542534626317e-03 -4.235998132510303549e+01 -7.774269719612895632e-03 -1.380351592259253506e-03 9.999691925274235560e-01 5.599099383467063262e-01
0004257 004104 1.099085710817617884e-01 -9.939400014522045135e-01 -2.076156964067061000e-03 5.844169133341102906e+01 9.939224979593106468e-01 1.098931005242339692e-01 6.495878476043433908e-03 -4.238597303522419679e+01 -6.227871755405655838e-03 -2.777579260435287124e-03 9.999765354142866602e-01 5.652659375921729179e-01
0004258 004105 1.102120480942497122e-01 -9.939061462436326044e-01 -2.200366313251636476e-03 5.768315790034441193e+01 9.938952346469591692e-01 1.101989267406474488e-01 5.395718581675182715e-03 -4.242170627962332219e+01 -5.119874825953440144e-03 -2.781694267412562066e-03 9.999828113082983583e-01 5.164760139829525087e-01
0004259 004106 1.106525255492853271e-01 -9.938573176918543695e-01 -2.146715201469813917e-03 5.697833346396717502e+01 9.938420523918288785e-01 1.106375527316006552e-01 6.160788411914138590e-03 -4.245775451366716879e+01 -5.884952046118724009e-03 -2.815290100418836681e-03 9.999785070642442930e-01 5.372461650198232519e-01
0004260 004107 1.108885434287937982e-01 -9.938326409727090693e-01 -1.179424906595687942e-03 5.628545221126566389e+01 9.938156272213080067e-01 1.108794686711843530e-01 6.075466089059367372e-03 -4.248426563615339546e+01 -5.906738020188072487e-03 -1.845917629264858407e-03 9.999806378078925917e-01 4.709926642658359697e-01
0004261 004108 1.108024337635420131e-01 -9.938429338177419137e-01 -3.273271976150018823e-05 5.555000071547328844e+01 9.938287975220336801e-01 1.108007160646828082e-01 5.307488035882576387e-03 -4.249482823031394219e+01 -5.270697308199112467e-03 -6.206999661906547738e-04 9.999857037913444380e-01 3.722114006934305053e-01
0004262 004109 1.108180909512723189e-01 -9.938410558528780747e-01 4.946708176791031432e-04 5.486775058037784447e+01 9.938320810573348929e-01 1.108192069201204416e-01 4.186233791401396814e-03 -4.251108714809743105e+01 -4.214783901912660599e-03 2.762298127539312281e-05 9.999909044625235888e-01 2.911878389948583390e-01
0004263 004110 1.110431866991618832e-01 -9.938160245248554014e-01 -2.529567226741883225e-04 5.411983848339065162e+01 9.938088529028765716e-01 1.110414533327366143e-01 3.793617165517927919e-03 -4.253781476888798352e+01 -3.741582887226540307e-03 -6.727325711685707690e-04 9.999925613468975127e-01 3.073327074732361552e-01
0004264 004111 1.111546001764081720e-01 -9.938029600398019525e-01 -1.138962767278099003e-03 5.343539896871953943e+01 9.937944979407793422e-01 1.111486759842308242e-01 4.372906418331619534e-03 -4.255473179858199728e+01 -4.218728074413116008e-03 -1.618050675814183478e-03 9.999895793236944774e-01 3.719762776074873045e-01
0004265 004112 1.112256542254344421e-01 -9.937946341702919018e-01 -1.420388366840968485e-03 5.269906954889040662e+01 9.937805967155071141e-01 1.112160646829185029e-01 5.633941830238422231e-03 -4.256930093627943279e+01 -5.440525063888954765e-03 -2.038280393566173094e-03 9.999829095812942104e-01 4.314629891391419392e-01
0004266 004113 1.113374106577723205e-01 -9.937828455565573815e-01 -7.871207740317095894e-04 5.202165286910357622e+01 9.937676937495798501e-01 1.113312810541368936e-01 5.638204337481583436e-03 -4.258705920013835566e+01 -5.515035233511058309e-03 -1.410045284233858416e-03 9.999835845752665930e-01 3.937596915625292127e-01
0004267 004114 1.112603994243743649e-01 -9.937917767920955159e-01 -3.881019101945429892e-05 5.129947645344890361e+01 9.937743618391421396e-01 1.112582526193812982e-01 5.897674139085182926e-03 -4.259669326290622848e+01 -5.856257379169271630e-03 -6.948328702294964731e-04 9.999823969670955659e-01 3.574243694936143356e-01
0004268 004115 1.111471674960961276e-01 -9.938040664218921183e-01 8.761473860666233035e-04 5.063755806793361103e+01 9.937889695939683410e-01 1.111503214712623450e-01 5.455469498361217862e-03 -4.260453845759730029e+01 -5.518567381779288135e-03 2.642592091297880637e-04 9.999845241493939829e-01 2.872248078002215266e-01
0004269 004116 1.111712541537201171e-01 -9.937999933221789428e-01 1.873095299472866179e-03 4.991702826648398172e+01 9.937872367853203270e-01 1.111795979847725879e-01 5.166885478130840877e-03 -4.262006754662525054e+01 -5.342616213067943182e-03 1.286963002752117237e-03 9.999846864450070427e-01 2.198164538406359725e-01
0004271 004117 1.111121653544429738e-01 -9.938065007543759322e-01 1.920163167930661035e-03 4.925678269787263730e+01 9.937976786550769548e-01 1.111196861220303395e-01 4.386176469976018483e-03 -4.263106201540267648e+01 -4.571893317355801845e-03 1.420810207220675513e-03 9.999883262918770610e-01 1.767943452876821198e-01
0004272 004118 1.111651186955286974e-01 -9.938005354847255779e-01 1.935531641105221311e-03 4.853973687569839512e+01 9.937914884070647714e-01 1.111727860827886050e-01 4.439769769623549446e-03 -4.264645601403026376e+01 -4.626937799856554491e-03 1.429881575143031542e-03 9.999880601386406109e-01 1.732205787672000952e-01
0004273 004119 1.112397893167802743e-01 -9.937934551683414997e-01 1.111733542440846529e-03 4.787877029981319765e+01 9.937863422706582073e-01 1.112432549441400853e-01 3.780220254759405346e-03 -4.266271845089977433e+01 -3.879945580377488351e-03 6.842285161653622379e-04 9.999920261038339753e-01 1.789951343475451040e-01
0004274 004120 1.111225130793491861e-01 -9.938064429512604159e-01 1.230573764222288747e-03 4.717588186375758141e+01 9.937969467849615546e-01 1.111268960366697117e-01 4.370697939130613330e-03 -4.266890549444178760e+01 -4.479892751497084255e-03 7.371712591756782130e-04 9.999894804421229910e-01 1.896248647435854195e-01
0004275 004121 1.110881998307212265e-01 -9.938102434516618011e-01 1.259178066090686863e-03 4.652642503488152670e+01 9.938031790439835200e-01 1.110922533307836940e-01 3.796559967162513403e-03 -4.267991701452956477e+01 -3.912460237025043239e-03 8.295359093071211958e-04 9.999917894218529613e-01 1.578456265588670249e-01
0004276 004122 1.111118821294472953e-01 -9.938083083603065360e-01 4.084550691548224444e-04 4.582166086456805942e+01 9.938031858147680087e-01 1.111126338800630386e-01 3.141443884838766767e-03 -4.269520646794353524e+01 -3.166892579339403851e-03 5.678567252783539549e-05 9.999947713874717259e-01 1.621165537551192415e-01
0004277 004123 1.108232590974169846e-01 -9.938404863047368698e-01 4.864519850124152697e-04 4.518798036873283763e+01 9.938369986479632656e-01 1.108241661393723765e-01 2.579660284847553643e-03 -4.269534580769413878e+01 -2.617195441864316515e-03 1.974813690264632792e-04 9.999963434854818312e-01 1.321127533293378065e-01
0004278 004124 1.110582753693488411e-01 -9.938134458644082292e-01 1.353961218175655373e-03 4.448282436215859548e+01 9.938103105654935154e-01 1.110615677152284875e-01 2.649583355317224054e-03 -4.271878389370704099e+01 -2.783078445690867486e-03 1.051236574040231029e-03 9.999953623685560178e-01 8.685743378438814943e-02
0004279 004125 1.111728806906407130e-01 -9.937986088774491966e-01 2.426279332030709720e-03 4.383852382574127660e+01 9.937993312064635765e-01 1.111773259188101048e-01 1.774307602013708773e-03 -4.273758681702656759e+01 -2.032566578468215576e-03 2.213894102648734236e-03 9.999952716412837672e-01 -4.356909593305147155e-03
0004280 004126 1.111269641573652406e-01 -9.938038534215373199e-01 2.379348138258016027e-03 4.314796169537575565e+01 9.938042899097428995e-01 1.111315053855535390e-01 1.862777030997504616e-03 -4.274911579393028660e+01 -2.115170145638448334e-03 2.157515922070270872e-03 9.999952235170184167e-01 -5.423344597517143484e-03
0004281 004127 1.116828652080695955e-01 -9.937411360511722025e-01 2.541868718577201293e-03 4.248642270919052066e+01 9.937408822170865630e-01 1.116887754043138087e-01 2.308980988135423719e-03 -4.278374827114657819e+01 -2.577942442768669552e-03 2.267999525270677792e-03 9.999938928865204080e-01 3.047907953785511381e-03
0004282 004128 1.121077074382194061e-01 -9.936964659247924381e-01 4.082912957551226743e-04 4.177788485579966959e+01 9.936941545454149871e-01 1.121083331367590391e-01 2.075190978178589971e-03 -4.281481328011795995e+01 -2.107397786316664128e-03 1.729852384589428973e-04 9.999975525917643715e-01 7.987764268317931737e-02
0004283 004129 1.123942213869743856e-01 -9.936588142077655839e-01 -3.261453717279859301e-03 4.112795311275704080e+01 9.936639875593259452e-01 1.123929869911719226e-01 5.652892135423856664e-04 -4.284205957933136233e+01 -1.946536177824529420e-04 -3.304411814642491639e-03 9.999943107919755381e-01 1.572160459842493196e-01
0004284 004130 1.128580769678785151e-01 -9.936021465386493112e-01 -4.107188871835574552e-03 4.041994180538128489e+01 9.936090366559343634e-01 1.128646034051244695e-01 -1.399017232722738011e-03 -4.287233843918511411e+01 1.853004136380623917e-03 -3.923012930275670759e-03 9.999909474209576210e-01 1.148210142198351491e-01
0004285 004131 1.138038584686692500e-01 -9.935004831836673489e-01 -2.128977386721746419e-03 3.975038398022570618e+01 9.935028177661184845e-01 1.138027290723774426e-01 6.340941731001309943e-04 -4.291937991865415825e+01 -3.883085178004977065e-04 -2.187271818367216188e-03 9.999978932974791235e-01 1.151845582957022884e-01
0004286 004132 1.148014652260304913e-01 -9.933862630457647169e-01 1.838149409560742385e-03 3.902889917197586556e+01 9.933868926193033522e-01 1.148039851691650126e-01 1.341851441512853212e-03 -4.296943923362505302e+01 -1.544621055794536887e-03 1.671981084965333715e-03 9.999977708971389267e-01 -1.214661415962581259e-02
0004287 004133 1.159715466070774526e-01 -9.932460104749384344e-01 3.464132265672523019e-03 3.834855798911371494e+01 9.932496335135049259e-01 1.159784213092188293e-01 1.859883407923643541e-03 -4.302703238460981083e+01 -2.249704152185802962e-03 3.225087704313206894e-03 9.999926308735460623e-01 -5.299772933369695238e-02
0004288 004134 1.184332595605841337e-01 -9.929522748523383902e-01 4.290893654247157803e-03 3.755597697027420168e+01 9.929596587839805144e-01 1.184406011883991916e-01 1.503258743047418237e-03 -4.313545987236830115e+01 -2.001499053724486998e-03 4.082680875324458739e-03 9.999900247799209385e-01 -1.005439416529725349e-01
0004289 004135 1.215614106963247149e-01 -9.925774444826247489e-01 3.450274981360653900e-03 3.678531685840057719e+01 9.925802721985024224e-01 1.215692113506443989e-01 2.154954650963507214e-03 -4.326433178163733828e+01 -2.559025165531329023e-03 3.162748499218358874e-03 9.999920864602639403e-01 -4.462231524845350350e-02
0004290 004136 1.257490449750900963e-01 -9.920616039130808472e-01 1.138458096307762724e-04 3.591259317651928029e+01 9.920589772142747176e-01 1.257489415763220764e-01 2.344893539947825404e-03 -4.343038687944954290e+01 -2.341213401879827568e-03 -1.818917206625099436e-04 9.999976048596656009e-01 7.369199560175587749e-02
0004291 004137 1.301089592246371662e-01 -9.914980698817149607e-01 -1.509472416910713618e-03 3.508704628459999242e+01 9.914967976067178279e-01 1.301049969731980505e-01 2.465590689215819541e-03 -4.359938187964507961e+01 -2.248856318173821089e-03 -1.817396909345424033e-03 9.999961817609384074e-01 1.273376480353931584e-01
0004292 004138 1.359910122177214464e-01 -9.907087066169019129e-01 -1.331911772012426068e-03 3.414411836233840347e+01 9.907089658674995691e-01 1.359890889833613725e-01 1.424896751448905853e-03 -4.382140452448948054e+01 -1.231151329603188916e-03 -1.513274890593645054e-03 9.999984584533846421e-01 6.832738850256703245e-02
0004293 004139 1.419193719271613641e-01 -9.898777007831672803e-01 2.502624571497526879e-04 3.325193594810285447e+01 9.898754801262832359e-01 1.419195552189594367e-01 2.156950607684836405e-03 -4.403571616977842496e+01 -2.171251951623382435e-03 -5.834959089933683922e-05 9.999980030486455007e-01 4.059281665450953369e-02
0004294 004140 1.489976877828612656e-01 -9.888358315593107628e-01 1.558619415436056669e-03 3.225485550687389491e+01 9.888292958482773898e-01 1.490025851391862111e-01 3.760042495414342694e-03 -4.428143407252446195e+01 -3.950920502578993306e-03 9.810051329230953451e-04 9.999920769526371433e-01 6.945136832215581535e-02
0004295 004141 1.561004097029100313e-01 -9.877394407739588100e-01 1.581612073332516744e-03 3.130632519047655293e+01 9.877283683291989691e-01 1.561062576717225092e-01 4.773787994453987729e-03 -4.452088903023923194e+01 -4.962775413303308243e-03 8.170471611352584556e-04 9.999877152412680603e-01 1.094230716575737006e-01
0004296 004142 1.635294390025699984e-01 -9.865370957643970762e-01 1.318640103215860167e-03 3.028999115103246709e+01 9.865253073168842590e-01 1.635339521223301840e-01 4.874475900344177326e-03 -4.476798873065308726e+01 -5.025111373084856919e-03 5.037859353567196788e-04 9.999876108586901458e-01 1.177459930528925725e-01
0004297 004143 1.711525369526247786e-01 -9.852439173726473820e-01 5.476638646219322013e-04 2.926466359060779610e+01 9.852334437005290102e-01 1.711532107701725647e-01 4.576511943096665987e-03 -4.501456235843670584e+01 -4.603333037477195210e-03 -2.436701378919620662e-04 9.999897383531926032e-01 1.182625661137564066e-01
0004298 004144 1.783218669595818262e-01 -9.839703397684214092e-01 1.645145122429213453e-03 2.831082814390190094e+01 9.839661985825439716e-01 1.783262280983576864e-01 3.088430054250891621e-03 -4.524051917713313742e+01 -3.332913026786179025e-03 1.068066914082408834e-03 9.999942381124998780e-01 1.553162327819990196e-02
0004299 004145 1.857269659025857778e-01 -9.825969890668956319e-01 2.776938341392002404e-03 2.734593336143390729e+01 9.825940038147439326e-01 1.857355591652907478e-01 3.259154812006511727e-03 -4.546319042870800331e+01 -3.718829854865329885e-03 2.123323602608039734e-03 9.999911938214435247e-01 -1.071541707212020356e-02
0004300 004146 1.938310523347850645e-01 -9.810295085099517420e-01 3.111243594328059504e-03 2.629560684307284646e+01 9.810234285063398341e-01 1.938429589978652445e-01 4.150501464088805596e-03 -4.569751342683503026e+01 -4.675474580831567514e-03 2.247740365465380422e-03 9.999869072597084019e-01 2.163141284032832345e-02
0004301 004147 2.012433998827281023e-01 -9.795398686179551673e-01 1.325779699088415649e-03 2.532678324758882127e+01 9.795257540314935563e-01 2.012475977294294616e-01 5.286718434762910715e-03 -4.590280896093736374e+01 -5.445977649720662971e-03 2.347528600799830010e-04 9.999855069307082012e-01 1.158462713068644234e-01
0004302 004148 2.087299596914565236e-01 -9.779726739577684347e-01 -5.565567047422223046e-04 2.430335034389128168e+01 9.779603830992611435e-01 2.087243223105759993e-01 5.189486297312969482e-03 -4.610748095211329201e+01 -4.959626311645815022e-03 -1.627456191053334176e-03 9.999867402459426957e-01 1.481998401275177457e-01
0004303 004149 2.151550959251225248e-01 -9.765792459377795609e-01 5.584883704030358222e-04 2.338824482869250687e+01 9.765751700414129211e-01 2.151557743664285205e-01 2.865296857486275377e-03 -4.628245307205816061e+01 -2.918969161390643895e-03 -7.104260266048300243e-05 9.999960996668011415e-01 8.327790610181295961e-03
0004304 004150 2.228752479527384978e-01 -9.748409663204503639e-01 3.276179664491078638e-03 2.236503363559978652e+01 9.748462305257362681e-01 2.228767890204200186e-01 1.191738564384462227e-04 -4.648320627099565172e+01 -8.469773349003551204e-04 3.167244036253454714e-03 9.999949867880129073e-01 -1.883753721236018919e-01
0004305 004151 2.305329420231132798e-01 -9.730412595340121040e-01 6.655683139959476212e-03 2.139630312175131621e+01 9.730584059186984103e-01 2.305496523510557061e-01 1.858253912273423068e-03 -4.666504865418755799e+01 -3.343240385588479475e-03 6.048011650972743430e-03 9.999764846978027588e-01 -1.822065053770103304e-01
0004306 004152 2.389297027430592468e-01 -9.709975838794325798e-01 8.682312564811601324e-03 2.034160812914501548e+01 9.710144001585930829e-01 2.389750314024010891e-01 4.613670325037608211e-03 -4.685375797288088506e+01 -6.555336359641020239e-03 7.328338529716440196e-03 9.999520251972116025e-01 -8.736756833958736479e-02
0004307 004153 2.474515236019433906e-01 -9.688694525908007060e-01 7.665631734864643970e-03 1.932760068289576338e+01 9.688747885886130895e-01 2.474942919038160827e-01 5.241600294913604727e-03 -4.703862821977236308e+01 -6.976243040552845831e-03 6.130027135849905676e-03 9.999572415344356591e-01 -3.748853707395483070e-02
0004308 004154 2.568530240197673398e-01 -9.664347201257943443e-01 5.433960097805268924e-03 1.822092645337693284e+01 9.664375940159689593e-01 2.568742240745124916e-01 3.647009511536427034e-03 -4.723805646415894444e+01 -4.921058606524262094e-03 4.314870379112910499e-03 9.999789460758538029e-01 -7.356746837487548873e-02
0004309 004155 2.652932618209326576e-01 -9.641554797407254629e-01 4.870616189563285563e-03 1.720730344345872709e+01 9.641641654220831636e-01 2.653028853049376190e-01 1.442961056296217237e-03 -4.740505592827412329e+01 -2.683319119890108673e-03 4.313339884311230381e-03 9.999874780044956113e-01 -1.320620905431795222e-01
0004310 004156 2.741081500187093623e-01 -9.616907609307099314e-01 3.827367723169597478e-03 1.613964186353530295e+01 9.616965113853102043e-01 2.741134670710294596e-01 9.431726306049008053e-04 -4.757567091559030814e+01 -1.956791163449155511e-03 3.422268037757337632e-03 9.999925914023658491e-01 -1.856321143905930171e-01
0004311 004157 2.821510241641040362e-01 -9.593519712950546730e-01 5.881739307254452327e-03 1.514790947170217805e+01 9.593683457129519310e-01 2.821569605154047311e-01 1.925808008130547604e-04 -4.771555460963099904e+01 -1.844217759550086230e-03 5.588491450496802307e-03 9.999830644765578258e-01 -2.154597476514581444e-01
0004312 004158 2.908080884741696681e-01 -9.567637914676616617e-01 5.722596503494378935e-03 1.408811347177686457e+01 9.567799318858669633e-01 2.908115703113409722e-01 -2.248739819645808561e-04 -4.786570765588021459e+01 -1.449663831125449619e-03 5.540692842246368842e-03 9.999839611207900214e-01 -2.685727557725527959e-01
0004313 004159 2.986562282695782722e-01 -9.543405159040823094e-01 6.216119398635195151e-03 1.310392617428544781e+01 9.543608663459519637e-01 2.986489120061776581e-01 -2.091106147326703048e-03 -4.798803486041106225e+01 1.392981827594045002e-04 6.557016321154424815e-03 9.999788739366638479e-01 -3.247987756604331366e-01
0004314 004160 3.065362990008872468e-01 -9.518540283001318825e-01 2.908274193531419378e-03 1.207971478203955940e+01 9.518581244257181551e-01 3.065316322308155872e-01 -1.931264311858861462e-03 -4.810986986574152979e+01 9.461852954940890448e-04 3.360300263314330068e-03 9.999942666513018663e-01 -3.185802795459480308e-01
0004315 004161 3.131965362604163250e-01 -9.496875355627765192e-01 1.248699426193204242e-03 1.115303635781617686e+01 9.496813662937230172e-01 3.131888065774661722e-01 -4.280120726241151523e-03 -4.820142770405072952e+01 3.673804749659458774e-03 2.526460264449680807e-03 9.999904412258029396e-01 -3.846661984727219874e-01
0004316 004162 3.202120712274886261e-01 -9.473441435076180861e-01 -1.540804773013357753e-03 1.017274041134191975e+01 9.473349540709152805e-01 3.202157081592593713e-01 -4.202407254356007628e-03 -4.829734897262824234e+01 4.473896281987314351e-03 -1.139619845966204369e-04 9.999903433939306696e-01 -3.961334429692797698e-01
0004317 004163 3.265163610539624228e-01 -9.451911713464662412e-01 -8.613736124038786062e-04 9.266180944398684005e+00 9.451699193739275806e-01 3.265148615359615980e-01 -6.487791958247564328e-03 -4.837200751247928565e+01 6.413560907856706919e-03 1.304301458936987053e-03 9.999789636778260160e-01 -4.849442614224859227e-01
0004318 004164 3.331364388916473462e-01 -9.428772521897503811e-01 -1.293697400499840009e-03 8.307877893327486163e+00 9.428436190539595252e-01 3.331355947549739516e-01 -8.115600040232040513e-03 -4.845374405997881695e+01 8.082370979532014707e-03 1.483881653779298322e-03 9.999665917270138538e-01 -5.986138342418390046e-01
0004319 004165 3.400163798267461512e-01 -9.404179824960083867e-01 1.709718240117706362e-03 7.372340269922688094e+00 9.403972635742070540e-01 3.399951461529613361e-01 -7.518185899123487614e-03 -4.851771000660846767e+01 6.489046909492397243e-03 4.164194584426524938e-03 9.999706570531812222e-01 -5.623992574963203595e-01
0004320 004166 3.473334884635039255e-01 -9.377401757138992267e-01 1.383793209629666839e-03 6.374760137681846572e+00 9.377302742585312822e-01 3.473218046069639908e-01 -5.366363572763755557e-03 -4.858494487453299371e+01 4.551012876577166001e-03 3.161575096259972885e-03 9.999850041248983246e-01 -4.929722685924993186e-01
0004321 004167 3.543604110528926210e-01 -9.351078836923254478e-01 1.032761011025616713e-03 5.432422723202876114e+00 9.350954499526796804e-01 3.543493153003531293e-01 -5.690180206944402130e-03 -4.864264358950731548e+01 4.954353435421663884e-03 2.982137018633115172e-03 9.999836381094380222e-01 -5.095897508989004621e-01
0004322 004168 3.629979735719472411e-01 -9.317883445487585847e-01 1.431801161649665349e-03 4.357965223580777092e+00 9.317816596136080376e-01 3.629880803393818467e-01 -4.677618140764886433e-03 -4.870097514861572563e+01 3.838203428194986947e-03 3.032124766643744338e-03 9.999883954525328189e-01 -4.684332270145183941e-01
0004323 004169 3.712614863572641921e-01 -9.285261271519452686e-01 1.806466125240254860e-03 3.349630706330344765e+00 9.285194977387879467e-01 3.712489981620159529e-01 -5.003408856570802990e-03 -4.874857943201368471e+01 3.974526656039511704e-03 3.534944134235965159e-03 9.999862118079455575e-01 -4.881903830812106548e-01
0004324 004170 3.802911471193949899e-01 -9.248648261982311825e-01 1.678400129742956860e-03 2.249465051936113014e+00 9.248408324715194917e-01 3.802664092826413267e-01 -8.136318959929533454e-03 -4.879651567690598313e+01 6.886135035485810296e-03 4.646454521667073637e-03 9.999658516741074532e-01 -6.437996745077869676e-01
0004325 004171 3.892269848288821277e-01 -9.211316565408791401e-01 4.230333180151229187e-03 1.203293940169487541e+00 9.211230916882673370e-01 3.891860203523465067e-01 -8.108387493678486865e-03 -4.882806766027169942e+01 5.821886223158695590e-03 7.052692218445286328e-03 9.999585388961680366e-01 -6.487194202668042919e-01
0004326 004172 3.988734405863671451e-01 -9.169712006568636609e-01 7.929577600823025166e-03 7.084683849802786426e-02 9.169947994213442088e-01 3.988117856643338399e-01 -8.304361022995376124e-03 -4.885091265068422217e+01 4.451831311912016892e-03 1.058379989728753211e-02 9.999344381386834346e-01 -6.611677414266949881e-01
0004327 004173 4.087497229219405059e-01 -9.125883949412046947e-01 1.025771688525206442e-02 -1.028477917604732284e+00 9.126460875294315489e-01 4.087192448712852477e-01 -5.000862830294070492e-03 -4.885586382536621386e+01 3.705838548468958654e-04 1.140579460728743423e-02 9.999352438166072554e-01 -4.981905492376199618e-01
0004328 004174 4.193370487566844829e-01 -9.077500131956813822e-01 1.206265643489451249e-02 -2.215607917178658681e+00 9.078301975941944768e-01 4.192943703387773113e-01 -5.990894239811282024e-03 -4.885227335788567871e+01 3.798111352382280322e-04 1.346307441197498733e-02 9.999096572812220529e-01 -5.376581082588707261e-01
0004329 004175 4.287383751764990425e-01 -9.033269350618186033e-01 1.352773687529911471e-02 -3.294186159069340647e+00 9.034258125700419528e-01 4.286536144516159830e-01 -8.786247628288331585e-03 -4.884276965452045260e+01 2.137521391665828541e-03 1.598833368347665415e-02 9.998702532866445836e-01 -6.644109335170469421e-01
0004330 004176 4.403681666758414437e-01 -8.977307806545126168e-01 1.242718234035181460e-02 -4.544319421712771145e+00 8.978088827132362226e-01 4.402634466573426275e-01 -1.032412120689094222e-02 -4.880835967894108762e+01 3.796427660406160535e-03 1.570367540102496004e-02 9.998698409606839865e-01 -7.374463381418205898e-01
0004331 004177 4.502439538069915592e-01 -8.928439037927715649e-01 1.044981177757142200e-02 -5.654380408263023128e+00 8.928975618253282009e-01 4.501608975043067118e-01 -9.398127272051156819e-03 -4.876496735566706775e+01 3.686344968447888108e-03 1.356209028252842660e-02 9.999015940595856744e-01 -7.023260587993256365e-01
0004332 004178 4.612595465283794161e-01 -8.872088367416515187e-01 1.000889851852953573e-02 -6.879962323725976603e+00 8.872544151152030878e-01 4.611683021938138283e-01 -1.017919397930905183e-02 -4.869789012521141558e+01 4.415390727145303978e-03 1.357575886628257025e-02 9.998984784317870300e-01 -7.197517482534472322e-01
0004333 004179 4.719235002745758023e-01 -8.815881857419707313e-01 9.513375628158373537e-03 -8.034318431148676609e+00 8.816294468877505786e-01 4.718386831779281532e-01 -9.896636463354382962e-03 -4.862173097887625772e+01 4.236086342921661571e-03 1.305779779855201737e-02 9.999061523213499392e-01 -7.094036741724760731e-01
0004334 004180 4.831410031598180055e-01 -8.755000127419940714e-01 8.578620855785474078e-03 -9.262284018017226117e+00 8.755323996915871376e-01 4.830661016164140009e-01 -9.454956891103219463e-03 -4.853139845976056677e+01 4.133154518324318356e-03 1.207896671881684980e-02 9.999188628276065582e-01 -7.190203040871079310e-01
0004335 004181 4.934860806517844534e-01 -8.697162886340996657e-01 8.010720892794601089e-03 -1.040175055147415151e+01 8.697406166225113422e-01 4.934081534250451817e-01 -9.944771149257116902e-03 -4.842950842760274099e+01 4.695954795825136273e-03 1.187488422024656452e-02 9.999188222386479197e-01 -7.465645052043008434e-01
0004336 004182 5.056023799179343303e-01 -8.627346018646372405e-01 7.373557278964278094e-03 -1.168855782125820042e+01 8.627542261634675302e-01 5.055317368194398586e-01 -9.595235314693398646e-03 -4.828933766567934072e+01 4.549954447078151561e-03 1.121297017729486721e-02 9.999271390024564443e-01 -7.346688341021838653e-01
0004337 004183 5.177151833037432205e-01 -8.555303825555760078e-01 6.151942271410513509e-03 -1.293088792442972590e+01 8.555411775869213864e-01 5.176576261500813736e-01 -8.893325817128757554e-03 -4.812931791947721649e+01 4.423291281554921073e-03 9.867479919221990373e-03 9.999418900812541144e-01 -7.152696017454864830e-01
0004338 004184 5.329620229780934748e-01 -8.461263530235140218e-01 4.552765858128306545e-03 -1.439932548242427401e+01 8.461318378410291885e-01 5.329282132741991473e-01 -6.898868148064933419e-03 -4.789847869998720853e+01 3.410398393947391450e-03 7.529107031284686807e-03 9.999661989754323743e-01 -6.434254944387980402e-01
0004339 004185 5.490780447637687578e-01 -8.357612705406795017e-01 3.939970164308936353e-03 -1.587255762765562395e+01 8.357694601200034157e-01 5.490630672806592338e-01 -4.287204961543977441e-03 -4.762003193550845026e+01 1.419168861395672188e-03 5.646948708176433886e-03 9.999834087113644854e-01 -5.282806709396048461e-01
0004340 004186 5.682382790426401264e-01 -8.228584323848113780e-01 2.905085696149004720e-03 -1.757124451438244250e+01 8.228636438021518229e-01 5.682338230924751654e-01 -2.238584167842022025e-03 -4.724805486330569693e+01 1.906504998327750492e-04 3.662570779420700265e-03 9.999936351941525192e-01 -4.491980012419034551e-01
0004341 004187 5.874724207604727910e-01 -8.092415473733132192e-01 1.862685927263081631e-03 -1.923477968097813573e+01 8.092435076298253316e-01 5.874725102206436178e-01 -5.115792941261611054e-04 -4.682889805323975452e+01 -6.809049439064428872e-04 1.807938284959822485e-03 9.999984949495082098e-01 -3.891147565062951230e-01
0004342 004188 6.097878016504170162e-01 -7.925637166822393498e-01 8.450732211233754742e-04 -2.113109686995358061e+01 7.925642608644105636e-01 6.097872270711699461e-01 -7.793692793315092288e-04 -4.628591153313436735e+01 1.017667618855440213e-04 1.145059065319299369e-03 9.999996998070906917e-01 -4.278971570255691859e-01
0004343 004189 6.311223452002232559e-01 -7.756826827027641924e-01 3.891404602250798928e-04 -2.293413665386242428e+01 7.756826671422409891e-01 6.311216356128853677e-01 -1.054582035521185474e-03 -4.570599815948799005e+01 5.718067383790410765e-04 9.674534968077436615e-04 9.999997288159709896e-01 -4.543530279351344348e-01
0004344 004190 6.546514504317040295e-01 -7.559300283165716339e-01 6.874944544091923229e-04 -2.492336316642285965e+01 7.559304302717663182e-01 6.546511947624601424e-01 -4.735863273824002305e-04 -4.499027433809715149e+01 -9.269013829536956316e-05 8.297657063977216703e-04 1.000000012136428973e+00 -4.210410116457481422e-01
0004345 004191 6.764269304778376402e-01 -7.365086311759888593e-01 8.635967410465094241e-04 -2.677426523650001400e+01 7.365065150475121891e-01 6.764270629631632392e-01 1.921214712428898292e-03 -4.425071467377392764e+01 -1.999768480213704597e-03 -6.634811424986012968e-04 9.999981421492942779e-01 -3.131970586416414903e-01
0004346 004192 7.005431096363098353e-01 -7.136093991989229668e-01 3.600335296632265814e-04 -2.882484275450269706e+01 7.136009475705288319e-01 7.005369344995423520e-01 4.564109085040656162e-03 -4.334044033771442628e+01 -3.509825258042895916e-03 -2.940398612974367762e-03 9.999898801817451721e-01 -2.195273348368118604e-01
0004347 004193 7.227243562675671473e-01 -6.911355406700074866e-01 -5.306504340941898710e-04 -3.072632118138017177e+01 6.911234845520293213e-01 7.227065495406180817e-01 6.530944071579539503e-03 -4.241540202715168562e+01 -4.130879346656561590e-03 -5.086779730200615725e-03 9.999788929503022894e-01 -1.717076780171282735e-01
0004348 004194 7.462441628227135526e-01 -6.656691266228278447e-01 -1.860398171283686106e-03 -3.277060475573352960e+01 6.656644129409233779e-01 7.462196890280775596e-01 6.797940893619166224e-03 -4.133546459924946248e+01 -3.137531428481347019e-03 -6.311286801836107213e-03 9.999755237544259989e-01 -2.184061761463667040e-01
0004349 004195 7.670181373931229674e-01 -6.416177841063328557e-01 -2.993321658099875986e-03 -3.461336189537132668e+01 6.416237292183739616e-01 7.669996660713375158e-01 5.440508663037421123e-03 -4.028680565472313901e+01 -1.195467892735048400e-03 -6.093517068682317329e-03 9.999810808536282458e-01 -3.258113046407160596e-01
0004350 004196 7.886999227172796223e-01 -6.147632683446745405e-01 -4.200306011948551528e-03 -3.657330842609962929e+01 6.147775041630886284e-01 7.886864705174735368e-01 4.612285992990678221e-03 -3.908184457706101966e+01 4.766441956881061533e-04 -6.219924474254586062e-03 9.999809025111374705e-01 -4.166904320825750574e-01
