0005587 005415 1.030133168133876426e-01 -9.946772890991137928e-01 -2.090278507324314604e-03 8.806464547783818375e+01 9.945949516537997415e-01 1.029768842472848361e-01 1.326285632128754687e-02 -4.125453439921420795e+01 -1.297762614077480059e-02 -3.445195172013909915e-03 9.999102202313393528e-01 1.241818485159853935e+00
0005588 005416 1.030642654103546690e-01 -9.946735010994495196e-01 -1.203682697754143282e-03 8.721118170427084237e+01 9.945836183358662819e-01 1.030384231588475780e-01 1.363129910737317582e-02 -4.127414866889466794e+01 -1.343528262492918457e-02 -2.602026583057156280e-03 9.999067256789876401e-01 1.173007905757799563e+00
0005589 005417 1.029377871107598624e-01 -9.946869513449135836e-01 8.516231462841719786e-04 8.629647892630194406e+01 9.945913608027924235e-01 1.029396867040832803e-01 1.381043098831315381e-02 -4.128324957955919672e+01 -1.382533661677401958e-02 -5.745631502440244100e-04 9.999046294136446633e-01 9.957658472773829317e-01
0005590 005418 1.028776236248855197e-01 -9.946919302618371095e-01 1.786748490444272112e-03 8.544814301139106760e+01 9.946058977502942877e-01 1.028922226553217190e-01 1.309852658793289604e-02 -4.129711470598795131e+01 -1.321345632921373976e-02 4.295996947660996501e-04 9.999129748666384376e-01 8.815383607517333076e-01
0005591 005419 1.029015625130679790e-01 -9.946908132131737634e-01 7.235390373330439226e-04 8.452281179668958089e+01 9.946031956584603373e-01 1.029020874879092995e-01 1.322689691079765098e-02 -4.131539880721447844e+01 -1.323174283359192932e-02 -6.413987210394480384e-04 9.999126196393526289e-01 9.695663541189958323e-01
0005592 005420 1.029125912586764113e-01 -9.946889949434676303e-01 -1.361753104879085937e-03 8.366760830424948381e+01 9.945969292317539123e-01 1.028841074172344577e-01 1.382383612845434172e-02 -4.132828922418229922e+01 -1.361093054543687647e-02 -2.777006022173451709e-03 9.999038795733413698e-01 1.159791592945467187e+00
0005593 005421 1.027949245290019631e-01 -9.947012693461674271e-01 -1.608216938360605783e-03 8.274219881162267143e+01 9.946194197937822112e-01 1.027652628880993402e-01 1.310526563777743118e-02 -4.133373245500206394e+01 -1.287044435372692273e-02 -2.946640641090577696e-03 9.999132096577542095e-01 1.249883039103849569e+00
0005594 005422 1.027128344784562775e-01 -9.947059110158570361e-01 -3.048296317922514088e-03 8.190359736030291060e+01 9.946248635548621264e-01 1.026632078169761042e-01 1.345182876090777330e-02 -4.134548390521922556e+01 -1.306828212555586829e-02 -4.413549506517702031e-03 9.999052342241491198e-01 1.265994381117110379e+00
0005595 005423 1.024939343976660477e-01 -9.947316667794011691e-01 -1.719221216593911587e-03 8.099801271984796358e+01 9.946517950597498769e-01 1.024632441475418487e-01 1.297611449328330002e-02 -4.134855724699446000e+01 -1.273221080898355624e-02 -3.039963172185898913e-03 9.999146893268144876e-01 1.130951593289907464e+00
0005596 005424 1.022983894902041030e-01 -9.947513878673859278e-01 -1.941139828620388379e-03 8.016013295822347118e+01 9.946653257868092179e-01 1.022631489381059244e-01 1.350658127802767221e-02 -4.134808218235320965e+01 -1.323779911224001217e-02 -3.312449508852598808e-03 9.999072584199889535e-01 1.164776431463039330e+00
0005597 005425 1.021148035417216160e-01 -9.947675116839226339e-01 -3.032574647475731570e-03 7.925001657493956486e+01 9.946921778549588922e-01 1.020674069650426563e-01 1.299944737018890115e-02 -4.135238472837227164e+01 -1.262251586526771073e-02 -4.343877611530723090e-03 9.999112655733235488e-01 1.223316589623081541e+00
0005598 005426 1.019734895218552539e-01 -9.947752417404281955e-01 -4.761184886096786993e-03 7.840823239387310650e+01 9.947072397111801356e-01 1.019036334240856073e-01 1.313153581052376416e-02 -4.135659524499169493e+01 -1.257836010165340121e-02 -6.075015916039728896e-03 9.999028028106756727e-01 1.355198591163514266e+00
0005599 005427 1.016613186088953652e-01 -9.948104960953629838e-01 -4.013015424602108666e-03 7.750973164515863800e+01 9.947426790406554975e-01 1.016028266743588399e-01 1.277330367320237553e-02 -4.135371850096544222e+01 -1.229989873585206860e-02 -5.290431185490674856e-03 9.999107258262851516e-01 1.272641768706577636e+00
0005600 005428 1.014410209263446883e-01 -9.948394289332653795e-01 -1.815092418399278252e-03 7.668249157163808150e+01 9.947612832045545916e-01 1.014095550315400607e-01 1.286058394991210045e-02 -4.135665767803675408e+01 -1.261076465271207536e-02 -3.110137883013292491e-03 9.999160124959222129e-01 1.100629381790085404e+00
0005601 005429 1.013370629633131847e-01 -9.948516347437307283e-01 -2.539471322461740537e-04 7.578059890126684195e+01 9.947643477040502002e-01 1.013247484900265810e-01 1.328405493991996998e-02 -4.136872454428703350e+01 -1.319054791464323306e-02 -1.598749200727655638e-03 9.999120914243762037e-01 9.938773659217616796e-01
0005602 005430 1.013161335410436709e-01 -9.948532149555949777e-01 1.449009251999362367e-03 7.493698065457789426e+01 9.947713129937035825e-01 1.013263855755416609e-01 1.277560551485454332e-02 -4.138436631942204258e+01 -1.285656313515718720e-02 1.471340260762140414e-04 9.999177193353112614e-01 9.394586240799611687e-01
0005603 005431 1.011124465886869411e-01 -9.948745188425789365e-01 4.520703133294767985e-05 7.404457709686025169e+01 9.947868613458357157e-01 1.011041089150212235e-01 1.327912488803179893e-02 -4.139179795773452497e+01 -1.321624876811345467e-02 -1.297678167503910074e-03 9.999121881324679606e-01 9.567081435219080277e-01
0005604 005432 1.010416842204263366e-01 -9.948812410200377210e-01 1.371413872461168127e-03 7.320709334442284444e+01 9.948045762394343017e-01 1.010509224518709726e-01 1.236091934988846168e-02 -4.140548320191737730e+01 -1.243611789085800542e-02 1.153969668492473016e-04 9.999230410760607812e-01 9.106852599211094912e-01
0005605 005433 1.009003931507076179e-01 -9.948960294841567853e-01 2.245642807472730449e-04 7.231827456376700525e+01 9.948144707558661537e-01 1.008949771850787269e-01 1.279298951783741818e-02 -4.141788681028992869e+01 -1.275096761349872772e-02 -1.067382545970786559e-03 9.999185017722017621e-01 9.067628425341638376e-01
0005606 005434 1.008769652966123448e-01 -9.948977096155607880e-01 1.546490188373582115e-03 7.148202264116048354e+01 9.948227261629926099e-01 1.008883554956854917e-01 1.222821554281352738e-02 -4.143450094943727890e+01 -1.232173572529394849e-02 3.050147323928737147e-04 9.999244173040824357e-01 8.778390424506596901e-01
0005607 005435 1.006818909121114658e-01 -9.949174539327328981e-01 1.211516718030083029e-03 7.060142098482450024e+01 9.948391187599250340e-01 1.006891469753257995e-01 1.249456208014392521e-02 -4.144469469254636351e+01 -1.255366032266791269e-02 -5.267706195990511970e-05 9.999215665960919930e-01 8.089125640798329187e-01
0005608 005436 1.004709772485763847e-01 -9.949301017528194846e-01 4.435321998747886359e-03 6.978172190943112696e+01 9.948684634191784504e-01 1.005162384829615813e-01 1.155261554512824682e-02 -4.145088879759896372e+01 -1.193975579353592602e-02 3.251934245330915466e-03 9.999238101903488163e-01 6.304240412101904667e-01
0005609 005437 1.003661326123756609e-01 -9.949364511367039254e-01 5.210742991908162355e-03 6.890216764350412859e+01 9.948789685293445428e-01 1.004202278686495003e-01 1.144166054877494496e-02 -4.146967418580334197e+01 -1.190760521612692531e-02 4.035736240834956849e-03 9.999213257847660019e-01 4.736801645806565375e-01
0005610 005438 1.002760265227998632e-01 -9.949451603401625599e-01 5.279209439193405587e-03 6.808317286923764300e+01 9.948886375846245356e-01 1.003307087795043545e-01 1.138477065080236578e-02 -4.148341321027419326e+01 -1.185750454098990353e-02 4.110638458179471585e-03 9.999216159867433396e-01 4.618681565582107851e-01
0005611 005439 1.002504570901668612e-01 -9.949559086540105124e-01 3.407844146494689794e-03 6.719308187750954175e+01 9.949006823920258924e-01 1.002816706535951258e-01 1.074655963040599058e-02 -4.150289191774936626e+01 -1.103471278620155732e-02 2.313152411079817932e-03 9.999368076166534891e-01 5.543367943229782213e-01
0005612 005440 1.000082514980181470e-01 -9.949856869400693915e-01 9.379031891541470120e-04 6.638194611415781310e+01 9.949280870606522775e-01 1.000125338867344504e-01 1.071837632794393237e-02 -4.150517564946676430e+01 -1.075904924636651716e-02 -1.387450266714535527e-04 9.999424773153493540e-01 7.072117818017176205e-01
0005613 005441 9.971679575858298505e-02 -9.950150280614712406e-01 8.213204392959414782e-04 6.551242487326237551e+01 9.949553112786013731e-01 9.971978983071541625e-02 1.091575014925740515e-02 -4.150648945355987962e+01 -1.094385244870505619e-02 -2.712718595668471284e-04 9.999404447196988954e-01 7.115865876547644575e-01
0005614 005442 9.958674840713464815e-02 -9.950262936033413830e-01 2.051841005794155515e-03 6.470729378255998654e+01 9.949759058858963501e-01 9.960245928730550313e-02 1.007943429779940142e-02 -4.152096733965936437e+01 -1.023428711349035070e-02 1.037788573966943193e-03 9.999474566973876044e-01 5.910373945069977708e-01
0005615 005443 9.924473412350293122e-02 -9.950540790423397786e-01 4.114660284891010975e-03 6.384768342577217481e+01 9.950058411846368633e-01 9.928240491722727101e-02 1.028060591452160943e-02 -4.152152165914230864e+01 -1.063888902322767706e-02 3.073848405425753418e-03 9.999390481047666368e-01 4.614751355880741812e-01
0005616 005444 9.931121447883618780e-02 -9.950467167632497389e-01 4.283190122254050720e-03 6.303839668472312496e+01 9.949982139366475575e-01 9.935091697558087742e-02 1.035490206892143022e-02 -4.154473404562031646e+01 -1.072976587499622700e-02 3.233441671719921532e-03 9.999375737831321942e-01 4.474151364479013182e-01
0005617 005445 9.906137593850346257e-02 -9.950752828195542632e-01 3.325105325922051141e-03 6.217548652869561465e+01 9.950368769214981146e-01 9.908787056049440933e-02 9.082000067443552274e-03 -4.155196578263439733e+01 -9.367367360035988577e-03 2.408960466292495856e-03 9.999535899855479526e-01 4.462754265347115279e-01
0005618 005446 9.888324961922720369e-02 -9.950977686768118780e-01 1.260606235794775468e-03 6.137656609633268090e+01 9.950557906782283579e-01 9.889065146240291759e-02 9.160330514777834457e-03 -4.155955971631192369e+01 -9.240703424962797008e-03 3.486048970809039983e-04 9.999576093118675013e-01 5.684609831034492800e-01
0005619 005447 9.934623951751586635e-02 -9.950521627970601024e-01 7.479440624943036299e-04 6.048974916977229555e+01 9.950017428882694803e-01 9.934871495307683043e-02 1.003237173116695510e-02 -4.160569425200174010e+01 -1.005765656157691333e-02 -2.524379333585511417e-04 9.999497553787676241e-01 6.266396394507012246e-01
0005620 005448 9.956293716699829432e-02 -9.950307500150904483e-01 -2.727147386355963901e-04 5.968278795887789556e+01 9.949884474212334906e-01 9.955613248425869422e-02 9.265827356334193840e-03 -4.163820598802340101e+01 -9.193249182663926211e-03 -1.193845684750868223e-03 9.999573947233375559e-01 6.475943854803603017e-01
0005621 005449 1.002613020675860306e-01 -9.949590286225336033e-01 -1.807011706538201069e-03 5.879008204738741483e+01 9.949400264706125263e-01 1.002472881886572742e-01 6.643308274405272489e-03 -4.170602832418080652e+01 -6.429289313996825427e-03 -2.463899073606496629e-03 9.999766609203737389e-01 6.218729868285635121e-01
0005622 005450 1.016321456150629660e-01 -9.948186275555255254e-01 -2.419219334225987828e-03 5.793976913695161102e+01 9.948074032153711999e-01 1.016173280984303956e-01 5.607448478029467692e-03 -4.180792937216028804e+01 -5.333176977274080473e-03 -2.976518169580630833e-03 9.999817123792347218e-01 6.065129088451328698e-01
0005623 005451 1.038997457829938659e-01 -9.945846198357016776e-01 -2.307398327774964723e-03 5.699011312139987240e+01 9.945712810538195336e-01 1.038845408656320773e-01 5.938234069184841583e-03 -4.195729580088300281e+01 -5.666990552660974498e-03 -2.911816994824952681e-03 9.999800670423689697e-01 6.038458374511037619e-01
0005624 005452 1.054591880480671151e-01 -9.944223810983277012e-01 -1.244252504973577655e-03 5.613882634699712071e+01 9.944093875576692776e-01 1.054509949051087858e-01 5.418950425365690222e-03 -4.206626633498399315e+01 -5.258135870577827428e-03 -1.808738920192830843e-03 9.999849038999247819e-01 5.166169219040313010e-01
0005625 005453 1.065825356700980109e-01 -9.943033796477904751e-01 3.372333230993755166e-05 5.524605830130954587e+01 9.942951388124402490e-01 1.065817568822888389e-01 4.099202345015308564e-03 -4.215312515807636373e+01 -4.080062783918024863e-03 -4.033375700739322105e-04 9.999919582666597639e-01 3.847904717795103124e-01
0005626 005454 1.077001843990303270e-01 -9.941829016480416836e-01 -2.880813136662097951e-04 5.442001214163849454e+01 9.941790207912775124e-01 1.076988927209998198e-01 2.885758919448120491e-03 -4.223609245862735406e+01 -2.838564401558863002e-03 -5.971662601397545673e-04 9.999961552973816170e-01 3.442630705981457595e-01
0005627 005455 1.083415732473523158e-01 -9.941118451184689508e-01 -1.668099592750192607e-03 5.355307831321772483e+01 9.941096125397781424e-01 1.083363737896776147e-01 2.932143239967615559e-03 -4.229088076304833521e+01 -2.734780111454963771e-03 -1.975911172704643455e-03 9.999946705648024015e-01 4.109429138022377970e-01
0005628 005456 1.087392973869500401e-01 -9.940669948260134614e-01 -2.368564480247919643e-03 5.276664263399172228e+01 9.940619864160684660e-01 1.087285621867295771e-01 4.260241951314082745e-03 -4.232711239163018035e+01 -3.978052441598597250e-03 -2.817719528536846881e-03 9.999884806384351510e-01 4.954433491148719781e-01
0005629 005457 1.092071492713319047e-01 -9.940167174972808217e-01 -1.899015999023103167e-03 5.198406026194771812e+01 9.940081519524964770e-01 1.091969897836939235e-01 4.806312921248147296e-03 -4.236779805538390065e+01 -4.570805892218043204e-03 -2.412485237170520873e-03 9.999870070543993572e-01 4.862467942313202229e-01
0005630 005458 1.093627887299173651e-01 -9.940010734381786728e-01 -8.259773053457666664e-04 5.115873956403018497e+01 9.939885850178552529e-01 1.093570606368902132e-01 5.196986696128938141e-03 -4.239404959948751639e+01 -5.076100873763010786e-03 -1.389333581977239378e-03 9.999865150411449966e-01 4.393583578690680724e-01
0005631 005459 1.095451848553409269e-01 -9.939813059571908083e-01 2.615564563229462545e-04 5.033794754229569435e+01 9.939703067473180109e-01 1.095451770039885669e-01 4.709937852988022207e-03 -4.242339039027228864e+01 -4.710860160390162830e-03 -2.559368713641529893e-04 9.999892345789288539e-01 3.567772298138294218e-01
0005632 005460 1.096143161539407940e-01 -9.939730509388555735e-01 1.148621513418340238e-03 4.959012160311579009e+01 9.939664583630896111e-01 1.096178623129811930e-01 3.727787614229108749e-03 -4.244592075187756564e+01 -3.831847473726144888e-03 7.331066941748568900e-04 9.999927527013960926e-01 2.645646891413591106e-01
0005633 005461 1.097259197475018849e-01 -9.939604557742010016e-01 1.373366551105387016e-03 4.878344148950807835e+01 9.939546210361089873e-01 1.097301841637438186e-01 3.577471947100889071e-03 -4.247071743663855159e+01 -3.707183333422624325e-03 9.725567960439151019e-04 9.999930183538907613e-01 2.397060962934176587e-01
0005634 005462 1.100817943685621636e-01 -9.939220277469668074e-01 2.123384394423974409e-04 4.803145214916034433e+01 9.939171968135440682e-01 1.100818953236152586e-01 3.142498000804241735e-03 -4.250539223565738212e+01 -3.147390360936689301e-03 -1.348502419279469934e-04 9.999954003922157941e-01 2.699903649353245783e-01
0005635 005463 1.099545257800537135e-01 -9.939361341800789784e-01 1.597443235146498233e-04 4.724525794488101837e+01 9.939293242900755221e-01 1.099543353373747118e-01 3.721979084197064511e-03 -4.251596503968175966e+01 -3.717592421398920564e-03 -2.504391580101960517e-04 9.999934212626648833e-01 2.879989796179103223e-01
0005636 005464 1.101847314090343283e-01 -9.939106101244351565e-01 2.344200959808138951e-04 4.650932559758507523e+01 9.939055978640507494e-01 1.101848948280665791e-01 3.198695263948871537e-03 -4.254349247705067683e+01 -3.205663958416405356e-03 -1.194211130905767869e-04 9.999952172699200226e-01 2.549787753493788500e-01
0005637 005465 1.103274017635994114e-01 -9.938954666616709455e-01 -7.853263764488994329e-04 4.572314367456979767e+01 9.938900997927224701e-01 1.103241377169425080e-01 3.419491696074085287e-03 -4.257315970274885331e+01 -3.311491130190193002e-03 -1.157878573839407838e-03 9.999936342883537499e-01 2.862797446809324242e-01
0005638 005466 1.102865738797901701e-01 -9.938996036521295929e-01 -1.177581447307239669e-03 4.500992433929036451e+01 9.938963792323612934e-01 1.102828348399426950e-01 2.882414880349265084e-03 -4.258818170831273164e+01 -2.734477690462651812e-03 -1.488372439299780105e-03 9.999949416076507891e-01 2.751221416196685254e-01
0005639 005467 1.106689914209703501e-01 -9.938577860661621521e-01 -1.941577360875450882e-04 4.422771329526653972e+01 9.938533888950918938e-01 1.106679592801462497e-01 2.948500663209514382e-03 -4.262209899279423553e+01 -2.908418006550652669e-03 -5.193586006956342222e-04 9.999954234607747461e-01 2.247372256027091453e-01
0005640 005468 1.106295681753562549e-01 -9.938611523887729282e-01 3.908695670627613996e-04 4.352407095027652417e+01 9.938609249894869713e-01 1.106298574262051804e-01 8.903908605722069382e-04 -4.263329873141901771e+01 -9.287850261124350280e-04 2.900009585942332356e-04 9.999998878064035868e-01 1.211864398336075510e-01
0005641 005469 1.108152318873830700e-01 -9.938414541593371121e-01 -3.057594982485450268e-04 4.276096235481406893e+01 9.938385457628590158e-01 1.108142010136051597e-01 2.406178593087514132e-03 -4.266178365633550129e+01 -2.356991548836866266e-03 -5.706033667472582525e-04 9.999968475371950882e-01 1.928902466472166566e-01
0005642 005470 1.112516982611431449e-01 -9.937915170205458004e-01 -1.556725362850774506e-03 4.204682439913079861e+01 9.937900170063954652e-01 1.112477362100015160e-01 2.444089660576105084e-03 -4.269491276674125402e+01 -2.255247315238261430e-03 -1.819054256617644522e-03 9.999955906382795856e-01 2.427331344955447889e-01
0005643 005471 1.113527531057204312e-01 -9.937652817220357093e-01 -5.492596695556449006e-03 4.129050902028251357e+01 9.937805710566992579e-01 1.113520973056374569e-01 4.214779457767177016e-04 -4.271270894702774967e+01 1.921438371580460442e-04 -5.505331181826619326e-03 9.999851873443112993e-01 3.247693593320732930e-01
0005644 005472 1.113965538154792073e-01 -9.937469075822041864e-01 -7.669349517084935418e-03 4.060647471753671311e+01 9.937762056106448361e-01 1.113972843823488323e-01 3.357719691520143451e-04 -4.273732718191331514e+01 5.211594392554378926e-04 -7.659109907885353584e-03 9.999703228322214255e-01 3.817386365213835120e-01
0005645 005473 1.119245853629075721e-01 -9.936965149340765135e-01 -6.409486033511459929e-03 3.985509681681688221e+01 9.937162316113360427e-01 1.119140270332473486e-01 1.986947693418082261e-03 -4.277141559844494623e+01 -1.256626221272404966e-03 -6.591687530297286705e-03 9.999772741555148503e-01 3.920520522962291921e-01
0005646 005474 1.124224495358170650e-01 -9.936574760797028949e-01 -2.637389230917640878e-03 3.917206145507202564e+01 9.936580859012728029e-01 1.124155385967418180e-01 2.643036349054761740e-03 -4.280342819046836667e+01 -2.329303200691069248e-03 -2.917887177837708186e-03 9.999928183740580678e-01 2.649816568301304187e-01
0005647 005475 1.128844503609902766e-01 -9.936084487244593033e-01 5.692784558766070735e-04 3.843897594549792984e+01 9.936036059039768942e-01 1.128856865044518404e-01 3.058771315238220136e-03 -4.283680066585839086e+01 -3.102999491592620725e-03 2.202629168453231455e-04 9.999949490620231307e-01 1.558910219877418513e-01
0005648 005476 1.140430406477510178e-01 -9.934752727189077870e-01 1.415104872365180455e-03 3.773270145477309256e+01 9.934715461674897830e-01 1.140467381907267208e-01 2.872419539055292344e-03 -4.289606535330221959e+01 -3.014579596358182324e-03 1.078201116703717422e-03 9.999946624565062558e-01 1.142716931869358632e-01
0005649 005477 1.166808167892371684e-01 -9.931698479652987244e-01 4.582495698412132612e-04 3.691122869896187808e+01 9.931631717072518795e-01 1.166817277036234779e-01 3.598213124328818787e-03 -4.300874422024480737e+01 -3.626621148343681534e-03 3.518762892356843704e-05 9.999932105645173985e-01 1.759500330622287834e-01
0005650 005478 1.203591920489599371e-01 -9.927288786628502004e-01 -2.001724658410754167e-03 3.610189467591763446e+01 9.927203368049757337e-01 1.203484736563302376e-01 4.820492950863819112e-03 -4.315503455467296590e+01 -4.544053167667441717e-03 -2.567430848746184331e-03 9.999861670322319762e-01 3.093203858301478704e-01
0005651 005479 1.255984144785003698e-01 -9.920754351875462618e-01 -3.512181756898445899e-03 3.517868666163580826e+01 9.920708858314829515e-01 1.255799319281951931e-01 5.069194410596453496e-03 -4.335875501635291585e+01 -4.587478797327242293e-03 -4.121104041755835334e-03 9.999807728939462681e-01 3.638151678530903155e-01
0005652 005480 1.316943741808642987e-01 -9.912871982034243690e-01 -2.692079489918963470e-03 3.427869198294078501e+01 9.912849231595329824e-01 1.316838741458575546e-01 3.770283969892971633e-03 -4.359058183564047795e+01 -3.382445731432167854e-03 -3.165230674141570905e-03 9.999890579267012303e-01 2.719553931033331651e-01
0005653 005481 1.391708539956151014e-01 -9.902686214029133849e-01 -6.859716004769989169e-04 3.326838273927417333e+01 9.902601675515392277e-01 1.391667660629696268e-01 4.247874687441072390e-03 -4.386238423856502777e+01 -4.110586560831591511e-03 -1.270557519238905194e-03 9.999905315898692804e-01 2.197309461218921456e-01
0005654 005482 1.471920672232568672e-01 -9.891082069707086699e-01 6.393874473206717646e-04 3.228515977219597488e+01 9.890884810131054250e-01 1.471932022839215759e-01 6.228342979264365337e-03 -4.413999996391703462e+01 -6.254133440248396160e-03 -2.844384517617781359e-04 9.999801884128640683e-01 2.622762943858134577e-01
0005655 005483 1.569815169752493966e-01 -9.876019932594148898e-01 2.439606317478912388e-04 3.116881047675898131e+01 9.875711247327241260e-01 1.569785972741462865e-01 7.851501656824314002e-03 -4.446714869085190003e+01 -7.791970018110747770e-03 -9.916989350046100365e-04 9.999689358629072489e-01 3.451222629226720073e-01
0005657 005484 1.665053551970978596e-01 -9.860410168648835461e-01 3.098771343471442912e-05 3.011668689945206268e+01 9.860056415710656275e-01 1.664996975384046562e-01 8.446803067924854233e-03 -4.477799022711860744e+01 -8.333567461993415804e-03 -1.375970832701976397e-03 9.999641137606655183e-01 3.743946209129660474e-01
0005658 005485 1.767122619614034662e-01 -9.842629852863701290e-01 2.814368160021463671e-04 2.903383809862016562e+01 9.842262219184022554e-01 1.767081681601223586e-01 8.578943641213986754e-03 -4.510096255708140234e+01 -8.493182847440293448e-03 -1.239093929598658822e-03 9.999629497034472347e-01 3.662343944355370695e-01
0005659 005486 1.884924038959929493e-01 -9.820740994010951352e-01 1.423183189164499993e-03 2.782727039742692909e+01 9.820506504182577867e-01 1.884977640578435198e-01 6.765054860502281789e-03 -4.546351598320688936e+01 -6.911566629908293125e-03 1.223901601465225339e-04 9.999758931422888519e-01 2.477845171373189714e-01
0005660 005487 2.004984130012654742e-01 -9.796900857459319711e-01 2.944041647847592084e-03 2.660929465117473569e+01 9.796726833954961799e-01 2.005130885605964086e-01 6.048639715545498473e-03 -4.581582102810898505e+01 -6.515625776596594039e-03 1.671368736123881584e-03 9.999771621680094702e-01 1.722537846069940315e-01
0005661 005488 2.112371320925666152e-01 -9.774304360826395754e-01 3.090658690615138027e-03 2.549644105024151486e+01 9.774077532195341034e-01 2.112538636912799639e-01 6.821593164144683016e-03 -4.611679262017787551e+01 -7.320060729638470931e-03 1.579774198562770978e-03 9.999717455864107762e-01 2.041217905404693056e-01
0005662 005489 2.223355716279607208e-01 -9.749699142785024364e-01 1.237699285040347102e-03 2.431138731289968291e+01 9.749379948792108452e-01 2.223383755845850518e-01 7.889176100276933806e-03 -4.641311224541004776e+01 -7.966412862127479622e-03 -5.474510470306571605e-04 9.999679031382627814e-01 2.953424432052003112e-01
0005663 005490 2.315502882221232850e-01 -9.728232154414472310e-01 -6.525734063329907339e-04 2.326528212089260705e+01 9.727997933863181679e-01 2.315400196945910094e-01 7.104110418409075901e-03 -4.665354485756415670e+01 -6.759462172979699944e-03 -2.279869400119556317e-03 9.999743417078994501e-01 2.955133214777561079e-01
0005664 005491 2.402264865285077267e-01 -9.707172445082519197e-01 4.490945810650023547e-04 2.219991607193412619e+01 9.707102826556450736e-01 2.402265327293920671e-01 3.662145821821497903e-03 -4.688102484328010178e+01 -3.662306811985138570e-03 -4.438902438819086532e-04 9.999929826153864942e-01 1.008839540666315315e-01
0005665 005492 2.478678365064022615e-01 -9.687895515052635798e-01 3.051664905823302156e-03 2.123703069347914152e+01 9.687937240794639582e-01 2.478696466222804762e-01 2.113541359103013469e-04 -4.707412029096667538e+01 -9.606878815410320113e-04 2.903960140444492976e-03 9.999951104777569100e-01 -1.240497650303211685e-01
0005666 005493 2.558623877379440081e-01 -9.666943124595654968e-01 6.118690596709292634e-03 2.020752267934813062e+01 9.667066852657577591e-01 2.558792912562348754e-01 2.140950600773743658e-03 -4.725754633920496417e+01 -3.634804478152775780e-03 5.367106440846119118e-03 9.999787778818469697e-01 -9.713837277831061101e-02
0005667 005494 2.630389113809741830e-01 -9.647536731742386573e-01 7.863752096714768033e-03 1.926428125471807107e+01 9.647615052052397333e-01 2.630812154418855076e-01 4.918405261344469329e-03 -4.741248649297813245e+01 -6.813369895890934898e-03 6.292829161261090203e-03 9.999567735559128367e-01 2.181272430917147176e-03
0005668 005495 2.706368771642592153e-01 -9.626594460781698892e-01 6.591520353270690497e-03 1.824981677266623592e+01 9.626572100793625575e-01 2.706726391196400128e-01 5.302768193338359450e-03 -4.757346602952293324e+01 -6.888419411665056870e-03 4.910165164269263312e-03 9.999640047548915556e-01 4.353824024231300882e-02
0005669 005496 2.772952931036860025e-01 -9.607780398128198396e-01 3.714552701304773240e-03 1.733192728341327893e+01 9.607775149571263773e-01 2.773064101680473570e-01 2.892537119262348407e-03 -4.771501025658108119e+01 -3.808669476224298047e-03 2.766686543364254170e-03 9.999887067360130333e-01 -2.757089932233469654e-02
0005670 005497 2.847762956649388388e-01 -9.585928498492435335e-01 1.140454283406759162e-03 1.632701758836185491e+01 9.585936515968694893e-01 2.847760960983912737e-01 -3.004628161460609821e-04 -4.786008708197459782e+01 -3.737185943401165393e-05 1.178830679575749692e-03 9.999996651492687461e-01 -1.332887954591583934e-01
0005671 005498 2.918535935017400607e-01 -9.564622301969741835e-01 7.075889967942689679e-04 1.539653750625791417e+01 9.564625199865033345e-01 2.918531084771580630e-01 -6.637192780960654960e-04 -4.799244313937924744e+01 4.276930694744458220e-04 8.705260451904009477e-04 9.999998899691819876e-01 -1.539320850679786190e-01
0005672 005499 2.991721418912953734e-01 -9.541978692129553519e-01 1.836722118476895446e-03 1.441302087584642777e+01 9.541989856719704788e-01 2.991734416586686041e-01 4.445852214115098944e-04 -4.812619448498298880e+01 -9.732347055683555990e-04 1.619505206874338656e-03 9.999980035319889771e-01 -1.396654719316288151e-01
0005673 005500 3.060582760930397606e-01 -9.520067711157481627e-01 3.248751412900913356e-03 1.349963269414638489e+01 9.520120800792780669e-01 3.060533730606133096e-01 -1.912064967380352901e-03 -4.823723180928482179e+01 8.253876023534823230e-04 3.678086042640623787e-03 9.999932554009745012e-01 -2.591892629670908832e-01
0005674 005501 3.128833589478380306e-01 -9.497853138851815036e-01 3.299882880703436903e-03 1.258984219257865789e+01 9.497893142040110259e-01 3.128739435275115222e-01 -3.064296520965269395e-03 -4.834677935133822757e+01 1.877358429697570472e-03 4.092994176818766199e-03 9.999902209599896841e-01 -3.176004671952235014e-01
0005675 005502 3.203144297612249836e-01 -9.473086013259891525e-01 2.031980750180326784e-03 1.160203700617284994e+01 9.473062333986809191e-01 3.203053291212978881e-01 -3.827636441566382129e-03 -4.845790939431026345e+01 2.974479967744865939e-03 3.150988670122619253e-03 9.999909706705172319e-01 -3.440906499228049142e-01
0005676 005503 3.279306099720657453e-01 -9.447012073735523430e-01 -4.725832757625497834e-04 1.060344066156199005e+01 9.446949847330224914e-01 3.279301254165341017e-01 -3.535444353408390226e-03 -4.856159865224708483e+01 3.494293329087861874e-03 7.129675471093092519e-04 9.999939992289249568e-01 -3.103653249396529645e-01
0005677 005504 3.346943787914355428e-01 -9.423254979133585119e-01 -1.792607090107474098e-03 9.698813576724887753e+00 9.423158637194855025e-01 3.346991225683323967e-01 -4.235498012965919871e-03 -4.865568031400471227e+01 4.591688849414594237e-03 -2.716905732378495993e-04 9.999892126195542019e-01 -3.556083819651263411e-01
0005678 005505 3.418565828242625115e-01 -9.397486033891855328e-01 -2.753957860743105716e-03 8.728800448893366593e+00 9.397335441919967280e-01 3.418668856498611741e-01 -5.347011753802690878e-03 -4.874359209604608623e+01 5.966819128866223190e-03 -7.601626525506220353e-04 9.999817015808892817e-01 -4.096971008236067746e-01
0005679 005506 3.485713808300601735e-01 -9.372793146408590070e-01 -2.529221651945947648e-03 7.828973187199721906e+00 9.372486729259341676e-01 3.485805113895936724e-01 -7.564280841260381284e-03 -4.882010795045516716e+01 7.971967492429180707e-03 2.660958335983214392e-04 9.999679809752047843e-01 -5.258948494712432087e-01
0005680 005507 3.558441679215808007e-01 -9.345435724749622253e-01 -1.512872641813224920e-03 6.855830681615202593e+00 9.345004374922176726e-01 3.558425036044884360e-01 -9.181006753579188870e-03 -4.888847143480325030e+01 9.117775465084472508e-03 1.853261948059671928e-03 9.999570698183071205e-01 -6.026031245101839406e-01
0005681 005508 3.625434912952393285e-01 -9.319663708211950448e-01 -1.628511687820114958e-04 5.959184680517864763e+00 9.319370306001741877e-01 3.625333534082795239e-01 -7.890342602163940081e-03 -4.894660155419569492e+01 7.411951498477693974e-03 2.708857566651750974e-03 9.999692181343431407e-01 -5.524100931846289697e-01
0005682 005509 3.690600203199650431e-01 -9.294050037760004379e-01 -3.030226027528261259e-04 5.024229815639273511e+00 9.293806582344412703e-01 3.690525773349334626e-01 -7.143392661985916749e-03 -4.899933752298602485e+01 6.750316845460613106e-03 2.354751366375342370e-03 9.999748003196210488e-01 -5.180745672438042959e-01
0005683 005510 3.752354973143503525e-01 -9.269288637088265448e-01 -5.461617908942499166e-04 4.153412304427547497e+00 9.268993654302528640e-01 3.752280424762758915e-01 -7.795188782454299907e-03 -4.904463195347670990e+01 7.429900136510851801e-03 2.418827659099191153e-03 9.999698285161214839e-01 -5.529991971742909129e-01
0005684 005511 3.819090245319985422e-01 -9.241994218144696793e-01 2.791313694851725547e-04 3.212262760895782776e+00 9.241786370180379295e-01 3.818982596773391469e-01 -6.848518681846633462e-03 -4.908607029829727253e+01 6.222175559287658649e-03 2.873510127116492372e-03 9.999768703010806226e-01 -5.143546847792173082e-01
0005685 005512 3.871802890402903929e-01 -9.220022421818448999e-01 -1.537387200198820931e-03 2.387123919152145390e+00 9.219087499123295171e-01 3.871637634873413836e-01 -1.370182181125328795e-02 -4.912374023392749223e+01 1.322770981149897461e-02 3.887777591508893762e-03 9.999053043617996961e-01 -8.508394453269865210e-01
0005686 005513 3.930355667470706860e-01 -9.195176286669507482e-01 -3.070789744839433170e-03 1.488079452547026449e+00 9.193635097144160495e-01 3.930273670388951257e-01 -1.730522643376087438e-02 -4.915933150260843831e+01 1.711874369547850688e-02 3.978431086131595934e-03 9.998458983840223802e-01 -1.033393379975173332e+00
0005687 005514 3.994535734282171346e-01 -9.167527081948931844e-01 6.474048399971545943e-04 6.109310806104986113e-01 9.166878359137718979e-01 3.994165703130074241e-01 -1.221072590140407678e-02 -4.917623718173308589e+01 1.093501037745557049e-02 5.471117651078873274e-03 9.999255973576651746e-01 -7.924225301092651108e-01
0005688 005515 4.054329626261400366e-01 -9.141024943695876814e-01 6.306841602524162170e-03 -2.869506613428711717e-01 9.141145794117159218e-01 4.053869769022969693e-01 -7.426028483645184981e-03 -4.918725792362693028e+01 4.230821003786889266e-03 8.775963969247280866e-03 9.999528983922457703e-01 -5.597001066651436929e-01
0005689 005516 4.112975134822248746e-01 -9.114548991393629507e-01 9.135357216266333166e-03 -1.137835890788210236e+00 9.115006780805956499e-01 4.112715861286477259e-01 -4.637045525307263195e-03 -4.919493859434624028e+01 4.687257378049312136e-04 1.023411838919356838e-02 9.999478807756121412e-01 -4.210107931723072738e-01
0005690 005517 4.168933938884282764e-01 -9.088525486383296492e-01 1.364052516355577539e-02 -2.019008031094244870e+00 9.089447790653969461e-01 4.167704294997289782e-01 -1.100450469670317261e-02 -4.921045406201028527e+01 4.315884816369080709e-03 1.698621477812036623e-02 9.998467673415197821e-01 -7.201483389152034675e-01
0005691 005518 4.215429750587855184e-01 -9.066436438540447229e-01 1.725913029991301903e-02 -2.805236621806216135e+00 9.067571840657245863e-01 4.212413785013698897e-01 -1.861057439156328999e-02 -4.922645874708450719e+01 9.602278491808479907e-03 2.349502127815236013e-02 9.996781932690802508e-01 -1.076489696242489913e+00
0005692 005519 4.297548730911108228e-01 -9.028127600166208078e-01 1.545857536262867926e-02 -3.834625782214061473e+00 9.029034887932819720e-01 4.295073731732582667e-01 -1.697017417035628570e-02 -4.921243148532721534e+01 8.680697123341390292e-03 2.125064040431904472e-02 9.997368487948393723e-01 -9.998891555460129865e-01
0005693 005520 4.361243128849724426e-01 -8.998091059762518551e-01 1.175611412333710769e-02 -4.719835059296201507e+00 8.998737643073745351e-01 4.360129105422143048e-01 -1.091651717258903913e-02 -4.918965327043952129e+01 4.696344714646895346e-03 1.534000525013522881e-02 9.998716640630851415e-01 -7.225377757358728559e-01
0005694 005521 4.426206235984072590e-01 -8.966597473529617224e-01 9.344575289372063567e-03 -5.657001158630691862e+00 8.967064614425337421e-01 4.425729640980708424e-01 -6.774580972593148044e-03 -4.916432531932696293e+01 1.938219249559730226e-03 1.137794033890232592e-02 9.999337503695933105e-01 -5.355032618433632763e-01
0005695 005522 4.502736592683616035e-01 -8.928427495757552679e-01 9.199158603206483709e-03 -6.611730219978426248e+00 8.928849328785402051e-01 4.502114339550136179e-01 -8.092509106429689181e-03 -4.912964397165069386e+01 3.083151577873003910e-03 1.185766105077276124e-02 9.999253012139648344e-01 -6.025715122577679494e-01
0005696 005523 4.591252128466556948e-01 -8.883167894714150137e-01 9.818928442855770489e-03 -7.678090840582171950e+00 8.883581135343561197e-01 4.590304242164966464e-01 -1.049668651894000888e-02 -4.908103031301652663e+01 4.816576356892029315e-03 1.354204624335085712e-02 9.998970594027554171e-01 -7.148066721097858789e-01
0005697 005524 4.681049219016041318e-01 -8.836179607293273008e-01 9.806807324330474654e-03 -8.710407870210019610e+00 8.836577079513312505e-01 4.680039880323606516e-01 -1.098034948433624335e-02 -4.901747782877646387e+01 5.112189402455383745e-03 1.380584448009884377e-02 9.998919839864723880e-01 -7.358591840445605214e-01
0005698 005525 4.796631891244739765e-01 -8.774067460741447055e-01 8.933852275558602785e-03 -9.931441195662728205e+00 8.774421485218679706e-01 4.795836026662428919e-01 -9.704472466637102668e-03 -4.891119347788935556e+01 4.229620088430461645e-03 1.249384332877853492e-02 9.999133616160712501e-01 -6.788812884968606909e-01
0005699 005526 4.916258962534504340e-01 -8.707683868045968945e-01 8.092343924997531801e-03 -1.113292488904357924e+01 8.707993661863953072e-01 4.915642390038368892e-01 -8.502471104426759935e-03 -4.878192749650406768e+01 3.425156960258478583e-03 1.122687231500610339e-02 9.999314692200115262e-01 -6.265400632181439278e-01
0005700 005527 5.053566981834687333e-01 -8.628830002892785567e-01 6.836728509534228428e-03 -1.248180367775034938e+01 8.629024255427502066e-01 5.053025865643508974e-01 -8.248323515979720869e-03 -4.861423692438438593e+01 3.662100921932921662e-03 1.006780288464078146e-02 9.999429711466820692e-01 -6.274047958180837270e-01
0005701 005528 5.195042257115237705e-01 -8.544480279551703861e-01 5.744523860095124106e-03 -1.381311065152203810e+01 8.544616178456818645e-01 5.194640258230011076e-01 -7.187615541213049700e-03 -4.841484181980194990e+01 3.156751693650207760e-03 8.642502948025002074e-03 9.999580290169159946e-01 -5.893426430632544566e-01
0005702 005529 5.363100998711478606e-01 -8.440049040243254863e-01 5.132361051160776351e-03 -1.534444662193482145e+01 8.440194270389892450e-01 5.362891342444876530e-01 -4.941770361199119936e-03 -4.814390089100561454e+01 1.417829731844211759e-03 6.982164612893676688e-03 9.999749791747263306e-01 -4.878551406788993461e-01
0005703 005530 5.527105593024823627e-01 -8.333627177115977558e-01 4.102294217338263091e-03 -1.681394081315147560e+01 8.333727811155202669e-01 5.527008284160132012e-01 -3.302708113785759146e-03 -4.784514157808280288e+01 4.843924507065661372e-04 5.244212812020481070e-03 9.999864921722581013e-01 -4.246826395536729137e-01
0005704 005531 5.716879705476253237e-01 -8.204658734393548425e-01 2.792035620187799990e-03 -1.848112720788049046e+01 8.204706659458389506e-01 5.716832001762448545e-01 -2.338311055501535694e-03 -4.745876625252185477e+01 3.217251500800760527e-04 3.627599821604343168e-03 9.999937290047343774e-01 -4.025343999610271339e-01
0005705 005532 5.901611429516834262e-01 -8.072803400356981518e-01 2.895277011901613295e-03 -2.008711565871226412e+01 8.072846233331985033e-01 5.901508736242293551e-01 -3.698100739587414920e-03 -4.703586182685558015e+01 1.276860882977137474e-03 4.519861704314203331e-03 9.999893512578594823e-01 -4.442742754801258798e-01
0005706 005533 6.104723968391486677e-01 -7.920346306289737237e-01 1.924998097144357692e-03 -2.184309409183288153e+01 7.920361113223191030e-01 6.104659845275911545e-01 -3.040857992603577566e-03 -4.653055534298755447e+01 1.232700676324702824e-03 3.381061341001113506e-03 9.999938843506909203e-01 -4.553680889775932883e-01
0005707 005534 6.291408368935399453e-01 -7.772855619374194891e-01 3.001223546775681501e-03 -2.347689438933866768e+01 7.772900814218283161e-01 6.291277121763249047e-01 -4.308307060356274601e-03 -4.600723233422468184e+01 1.460740157823482883e-03 5.043427759307876623e-03 9.999865960705299761e-01 -4.689818398922014353e-01
0005708 005535 6.497684423835757839e-01 -7.601278757984371026e-01 2.384099053538324148e-03 -2.527276471874620256e+01 7.601298853041222880e-01 6.497704695760508908e-01 1.530327786770507847e-04 -4.537382551513337603e+01 -1.666058990113733181e-03 1.712823496469646897e-03 9.999975069084885426e-01 -2.996624791435209545e-01
0005709 005536 6.689227710370470037e-01 -7.433288718260475658e-01 1.902625200208817643e-03 -2.695346356598292914e+01 7.433252186867653766e-01 6.689253639853209865e-01 2.365417176174460737e-03 -4.472267345834507069e+01 -3.031614106365666025e-03 -1.679768522029175199e-04 9.999957529862103511e-01 -2.139564621579808090e-01
0005710 005537 6.895864229290757930e-01 -7.242020160149449381e-01 1.034687266583532656e-03 -2.877982222350419761e+01 7.241920785639597291e-01 6.895831644255531190e-01 4.466986705750230872e-03 -4.395537377854907390e+01 -3.949119648527452293e-03 -2.331024484429565589e-03 9.999898482533834398e-01 -1.502035090769027192e-01
0005711 005538 7.088036226858484001e-01 -7.054058416307008583e-01 4.053568430545257664e-04 -3.048862905500845955e+01 7.053997133184644053e-01 7.087994973742464122e-01 3.830884420248627242e-03 -4.317224030776242216e+01 -2.989536824060979713e-03 -2.429328734322370835e-03 9.999929605813737687e-01 -1.851271576764190741e-01
0005712 005539 7.284555654411998260e-01 -6.850893520202671061e-01 -2.031048479009811992e-03 -3.222855744216667517e+01 6.850905326926497452e-01 7.284432256599467914e-01 4.522130694170766949e-03 -4.231382921761996840e+01 -1.619175897421049407e-03 -4.685585367233006948e-03 9.999880730873377255e-01 -2.605098182045182398e-01
