0006435 006248 -1.361983808570261523e-01 9.905949921127260582e-01 -1.306197775912139487e-02 4.949907789250885060e+01 -9.906189832149422392e-01 -1.360301502370166449e-01 1.300572220087691834e-02 5.466042370542891149e+01 1.110595936974647854e-02 1.471082863170748191e-02 9.998304641879557364e-01 -5.595105478655391096e-01
0006436 006249 -1.364432518501244029e-01 9.904262361681211990e-01 -2.092419500296130788e-02 4.883087818005382985e+01 -9.905839390217762164e-01 -1.361650356352105129e-01 1.419597822261330251e-02 5.464353246198334091e+01 1.121030623887153514e-02 2.266414706893599140e-02 9.996806356575986818e-01 -2.540898061756493576e-01
0006437 006250 -1.361891572648029625e-01 9.903207564165242838e-01 -2.675853165952044380e-02 4.808887874876108981e+01 -9.906164918360568228e-01 -1.358190022660392127e-01 1.520341680449072662e-02 5.464858282297882397e+01 1.142132321604134512e-02 2.857801158344856415e-02 9.995266670255544827e-01 -4.973439826419934207e-02
0006438 006251 -1.362923853028724097e-01 9.903317788444698788e-01 -2.581736394508327495e-02 4.744084679837767737e+01 -9.905953087549584923e-01 -1.359195126117512809e-01 1.569320157653613171e-02 5.463291395769101655e+01 1.203177058961873817e-02 2.771344121375680924e-02 9.995438501689447586e-01 -1.355582585075723046e-01
0006439 006252 -1.362595485833139608e-01 9.904514944577531566e-01 -2.092833144575547560e-02 4.674461911431956196e+01 -9.905962927714160315e-01 -1.359562194135748581e-01 1.529659589753255139e-02 5.461953787926631776e+01 1.230457945048259172e-02 2.281586258765675931e-02 9.996643137512429833e-01 -3.487196832476371355e-01
0006440 006253 -1.360452473659358730e-01 9.905625779453900437e-01 -1.665714764709992635e-02 4.610449714929650611e+01 -9.906303822874226173e-01 -1.358128679851991205e-01 1.437128083981105420e-02 5.461061864664952736e+01 1.197350303592978164e-02 1.845628845392428483e-02 9.997583542572944237e-01 -5.354149962404193275e-01
0006441 006254 -1.363007042880624575e-01 9.905839616057287023e-01 -1.282708246955745549e-02 4.542643724828110408e+01 -9.905927209370698483e-01 -1.361203139369470128e-01 1.402110834778489898e-02 5.458792895951228274e+01 1.214243745721602270e-02 1.461752954106323651e-02 9.998197815869734884e-01 -6.571362340411006642e-01
0006442 006255 -1.365759348388467520e-01 9.905379541049810221e-01 -1.343641798296117858e-02 4.481140060549432746e+01 -9.905517236743558440e-01 -1.363830184232982246e-01 1.435919342664728794e-02 5.456599102284326364e+01 1.239020588469842699e-02 1.527061566392015797e-02 9.998069800719011635e-01 -6.538154170566556900e-01
0006443 006256 -1.367459632555707294e-01 9.904854019477808968e-01 -1.544183891274345487e-02 4.414380177970059549e+01 -9.905193539444384632e-01 -1.365113294486331452e-01 1.534854729486648250e-02 5.454961209443899861e+01 1.309390346322150157e-02 1.739431476839714205e-02 9.997633184716742116e-01 -6.283357665726114760e-01
0006444 006257 -1.368126030868102028e-01 9.904366489574922827e-01 -1.781873447938029514e-02 4.353683207055311755e+01 -9.905033721739339159e-01 -1.365301598520787529e-01 1.621013474785047703e-02 5.453532399429241195e+01 1.362242172787329897e-02 1.986733484148594728e-02 9.997102007105916899e-01 -6.159656668352440079e-01
0006445 006258 -1.369970426845447120e-01 9.903970667554670149e-01 -1.857131958321683873e-02 4.288228600692377768e+01 -9.904897342690025530e-01 -1.367210683835953788e-01 1.539938279787501745e-02 5.451872579569044319e+01 1.271178920416489097e-02 2.050438835568791154e-02 9.997093009678282849e-01 -5.157797199208538075e-01
0006446 006259 -1.370492452907643710e-01 9.903717289968787529e-01 -1.950551935856400382e-02 4.228777036385834265e+01 -9.905023795726028979e-01 -1.367946327476607382e-01 1.384402442460626152e-02 5.450414674894182099e+01 1.104185860492725747e-02 2.121759901536162882e-02 9.997142586377862905e-01 -4.014982673274438696e-01
0006447 006260 -1.368121715062340649e-01 9.904120539950718172e-01 -1.912533274230501790e-02 4.164133126832756204e+01 -9.905468883156010040e-01 -1.365858857561708939e-01 1.268115411380054021e-02 5.449966381867398013e+01 9.946695047098719211e-03 2.067949280866653375e-02 9.997370310753721512e-01 -3.632776109671596032e-01
0006448 006261 -1.366804973914949317e-01 9.904614793085430025e-01 -1.742131706653013770e-02 4.106303348887884397e+01 -9.905591283494932231e-01 -1.364651887513303741e-01 1.300525947281458428e-02 5.449355551649932750e+01 1.050318447001448961e-02 1.903443595166241439e-02 9.997640132109369970e-01 -4.595163265022783605e-01
0006449 006262 -1.365176608720952145e-01 9.905048015901963820e-01 -1.619466730244686209e-02 4.044770208045973447e+01 -9.905629917048180966e-01 -1.362889028772855116e-01 1.447983568307984435e-02 5.449051727739242779e+01 1.213457173549702638e-02 1.801861606765681190e-02 9.997643663975119832e-01 -5.975784320988957177e-01
0006450 006263 -1.359880147257354344e-01 9.905902297716275839e-01 -1.540885530758430780e-02 3.987214364042404213e+01 -9.906506545201864133e-01 -1.357928479641297703e-01 1.307776259866342411e-02 5.449855117816514394e+01 1.086166990429594109e-02 1.704323543466602919e-02 9.997961094822067629e-01 -5.590657610552440815e-01
0006451 006264 -1.350268927694998622e-01 9.907408101912363874e-01 -1.411737821614190459e-02 3.924369636226218461e+01 -9.908070559120940590e-01 -1.348896356255610551e-01 1.026372793582029999e-02 5.451838526653864392e+01 8.263786060870867770e-03 1.537350646807507208e-02 9.998480267877831729e-01 -4.651797302319309324e-01
0006452 006265 -1.344355777794789264e-01 9.908070721625308330e-01 -1.507401972529769790e-02 3.869222345224744686e+01 -9.909023522145379292e-01 -1.343218891850660457e-01 8.320218885177959461e-03 5.452622720275030588e+01 6.218341401148835997e-03 1.605544596992045103e-02 9.998521235664062923e-01 -3.278396525253803873e-01
0006453 006266 -1.336411004116012657e-01 9.908394713449665270e-01 -1.939207589385145286e-02 3.809787078118273485e+01 -9.910086549822108015e-01 -1.334862445155134136e-01 9.076733481330439071e-03 5.454636666721671645e+01 6.404390921791460259e-03 2.043076799729661580e-02 9.997711145132325283e-01 -2.146473834921345247e-01
0006454 006267 -1.325951663841131722e-01 9.909319510625488325e-01 -2.171248839648380613e-02 3.754939401971272162e+01 -9.911373685766882158e-01 -1.323814145502723860e-01 1.100850049546146965e-02 5.457923468921580934e+01 8.033724594884057713e-03 2.297975586768779069e-02 9.997040071706585485e-01 -2.436437320722504296e-01
0006455 006268 -1.314568631279501854e-01 9.910568035238561668e-01 -2.291793206950279091e-02 3.701839121591669368e+01 -9.912866832334993328e-01 -1.312222602989039366e-01 1.146256603510463490e-02 5.460821511702579301e+01 8.352818323368373446e-03 2.422514422566917139e-02 9.996720157247944716e-01 -2.608710181406568296e-01
0006456 006269 -1.300133772382142949e-01 9.912699682540159207e-01 -2.189472507023131759e-02 3.643219449629380335e+01 -9.914961603894243414e-01 -1.298552831541780195e-01 8.499488017247890104e-03 5.464692226961687993e+01 5.581521781165567006e-03 2.281360711105782230e-02 9.997245124985383313e-01 -1.205760533767470388e-01
0006457 006270 -1.283855101423439504e-01 9.914493291634584038e-01 -2.335679924509457064e-02 3.586037367344037818e+01 -9.917196828167156308e-01 -1.282755992714507132e-01 6.150490634631865933e-03 5.468599136438388086e+01 3.101899539315383560e-03 2.395309237562189345e-02 9.997086538915087583e-01 2.249603729016769194e-02
0006458 006271 -1.261159900763187125e-01 9.918190612801076611e-01 -1.971947465939690933e-02 3.528960658858686372e+01 -9.920102881599694999e-01 -1.260278312862556649e-01 5.655640028041314035e-03 5.475770280761753384e+01 3.123549584476310002e-03 2.027521084078015220e-02 9.997899165766680474e-01 -6.069898285087305112e-02
0006459 006272 -1.232749401752644691e-01 9.922071401905938615e-01 -1.812087147903658838e-02 3.466978556107733311e+01 -9.923596615765328810e-01 -1.231590863997052282e-01 7.379886407899229582e-03 5.484701077542467829e+01 5.090732672434825426e-03 1.889224221502960530e-02 9.998089480094761727e-01 -2.401917342318524717e-01
0006460 006273 -1.206136959574841266e-01 9.925631930783450629e-01 -1.642027430579282715e-02 3.408544829708736756e+01 -9.926763866788351764e-01 -1.204824204205690863e-01 8.764957462620516851e-03 5.493416157637329889e+01 6.720799833581050063e-03 1.735721966837501865e-02 9.998271206965565483e-01 -3.553276285023176939e-01
0006461 006274 -1.173812702571258165e-01 9.929186883443141820e-01 -1.827463094451452219e-02 3.345012446134865058e+01 -9.930637726148991984e-01 -1.172328811957979583e-01 8.993161856433140935e-03 5.503063456631571171e+01 6.787197617990383715e-03 1.920357260180130879e-02 9.997929395799397545e-01 -3.389181108299749723e-01
0006462 006275 -1.139852249634515785e-01 9.933239189359429622e-01 -1.771533112873063809e-02 3.283475135757907992e+01 -9.934688305157720611e-01 -1.138737236445044043e-01 7.182953814754321036e-03 5.513449646467051934e+01 5.117069689996386547e-03 1.841840869211719064e-02 9.998176300427211727e-01 -2.426681532876671099e-01
0006463 006276 -1.100813608941788591e-01 9.937429082774120737e-01 -1.887792786673519324e-02 3.216804897034367627e+01 -9.939167726249658052e-01 -1.099973309206727229e-01 5.435923933504779176e-03 5.524932439237818471e+01 3.324769656908003242e-03 1.936150403286696423e-02 9.998073793690430699e-01 -1.187446981806097313e-01
0006464 006277 -1.061843793020986471e-01 9.941378949609577242e-01 -2.034109543404886283e-02 3.154184186286880731e+01 -9.943404367916574005e-01 -1.060924621464216233e-01 5.548500883384518793e-03 5.536530020972986676e+01 3.357318784036292247e-03 2.081516232183597964e-02 9.997780629526786811e-01 -8.929172668564255844e-02
0006465 006278 -1.018721667811577913e-01 9.945768620157660056e-01 -2.091927622429857678e-02 3.086860076779802853e+01 -9.947860010418282384e-01 -1.017497433624419967e-01 6.837895706522551485e-03 5.549487362056061102e+01 4.671662951904502308e-03 2.150682570676114985e-02 9.997581448038435070e-01 -1.542337642660989161e-01
0006466 006279 -9.774275541294352720e-02 9.949773185239484397e-01 -2.157798222918269962e-02 3.024718643782500749e+01 -9.951946611146937904e-01 -9.759235279644795646e-02 7.918774165469318754e-03 5.561604691387037747e+01 5.772534574227252725e-03 2.224831752885333622e-02 9.997361676575378109e-01 -2.052261011133638402e-01
0006467 006280 -9.335666721175758798e-02 9.953794044523199824e-01 -2.243629697810481730e-02 2.958851104235452567e+01 -9.956190837960401385e-01 -9.321529537451515857e-02 7.268415094734057696e-03 5.573937641183238156e+01 5.142805000083943562e-03 2.301658431806712091e-02 9.997222133654204423e-01 -1.550567195119771924e-01
0006468 006281 -8.933239539274824559e-02 9.957395841000096226e-01 -2.283360479714570054e-02 2.899206543083994347e+01 -9.959947058678453313e-01 -8.922371575915673259e-02 5.736749802422201790e-03 5.584794085595422075e+01 3.674390548506048342e-03 2.325465181132410283e-02 9.997231803599820887e-01 -6.961925275114388967e-02
0006469 006282 -8.510121384053284666e-02 9.961255931041508305e-01 -2.215310425545138212e-02 2.836664752377498644e+01 -9.963677559781163318e-01 -8.501467955467635618e-02 4.820612433638754406e-03 5.596112279297358327e+01 2.917976997271260874e-03 2.248289945611142704e-02 9.997433285187667940e-01 -4.930208050712714396e-02
0006470 006283 -8.150703039588085008e-02 9.964437974497312167e-01 -2.134596045353265650e-02 2.781715694721145837e+01 -9.966682356209219940e-01 -8.142501293045892319e-02 4.684899972922983678e-03 5.605635130184873560e+01 2.929524929722158826e-03 2.165671181506019852e-02 9.997615330580501558e-01 -7.270687667124775544e-02
0006471 006284 -7.762219394217878543e-02 9.967829110858139607e-01 -1.994896582087548123e-02 2.723361110302880661e+01 -9.969762294639445965e-01 -7.753435062231345265e-02 5.140680093871513763e-03 5.615925367891395581e+01 3.576792216463727664e-03 2.028769421592591451e-02 9.997881442995756318e-01 -1.446195157654699415e-01
0006472 006285 -7.406025035723967642e-02 9.970612000015607324e-01 -1.957059095496305884e-02 2.670422699888587204e+01 -9.972435683347333768e-01 -7.395818261040261465e-02 5.889420239756189973e-03 5.625194081444442418e+01 4.424087636169261525e-03 1.995284419680778618e-02 9.997914921910850961e-01 -2.051501437740004263e-01
0006473 006286 -7.013451801907732985e-02 9.973501079997335594e-01 -1.931751333292107756e-02 2.613410381069616051e+01 -9.975226638865695161e-01 -7.001541505540476162e-02 6.774977305883542189e-03 5.635184934002063528e+01 5.403880397590888826e-03 1.974483778750754301e-02 9.997908054361472896e-01 -2.702638432669997037e-01
0006474 006287 -6.647583018813126021e-02 9.976103714291023605e-01 -1.880249378043750974e-02 2.561296741225640972e+01 -9.977700413959676995e-01 -6.635079501190567497e-02 7.197845491064116911e-03 5.644423943948550004e+01 5.932465039085785437e-03 1.923907323054733012e-02 9.997976687461310741e-01 -3.133354152339551391e-01
0006475 006288 -6.245767580604311836e-02 9.978755840605464389e-01 -1.850917328567064021e-02 2.505132210475744614e+01 -9.980295919352797362e-01 -6.233514512192347978e-02 7.124958888706130200e-03 5.654239124803734740e+01 5.955430157916026881e-03 1.891773263507090866e-02 9.998036640892784543e-01 -3.231337059332810568e-01
0006476 006289 -5.900034303960258880e-02 9.980856422655439708e-01 -1.851247631716463823e-02 2.455330580869218693e+01 -9.982428221779477973e-01 -5.888894614112563652e-02 6.506206982775071881e-03 5.662347032159232185e+01 5.402952450417090706e-03 1.886384692091365792e-02 9.998078208097855857e-01 -2.953681841916804274e-01
0006477 006290 -5.545964728194768129e-02 9.982769598954024381e-01 -1.914302957103868746e-02 2.403362869061066931e+01 -9.984471019367674449e-01 -5.534892600226984372e-02 6.266330597415542894e-03 5.670581880712597922e+01 5.195367442307315987e-03 1.946085441225684290e-02 9.997974788618589903e-01 -2.751879514970010376e-01
0006478 006291 -5.214409492201022706e-02 9.984356002472549729e-01 -2.016200496641631923e-02 2.355966371913166313e+01 -9.986265800774523083e-01 -5.203095707671153564e-02 6.096163432435811047e-03 5.678140602635357936e+01 5.036958240651552739e-03 2.045221510056870542e-02 9.997785012620546974e-01 -2.504132775615577344e-01
0006479 006292 -4.861023952687782562e-02 9.985938844518034152e-01 -2.112010580887830127e-02 2.306110918604917970e+01 -9.988065285412797145e-01 -4.850047203446931215e-02 5.679087616186056370e-03 5.686034852699322073e+01 4.646147999112872941e-03 2.137099125436085420e-02 9.997611765630982639e-01 -2.141130181743458039e-01
0006480 006293 -4.566769955662202535e-02 9.987124907618694092e-01 -2.206936636631072826e-02 2.263126414871186398e+01 -9.989488043841682208e-01 -4.556984010070484065e-02 4.917216768356537544e-03 5.692456390740426286e+01 3.904568557752655881e-03 2.227074464307347845e-02 9.997447100759290217e-01 -1.567220999426304218e-01
0006481 006294 -4.260110099387037080e-02 9.988374017908980829e-01 -2.253968329357388875e-02 2.218575276040814970e+01 -9.990862929341844945e-01 -4.251499901156174932e-02 4.285798294716351535e-03 5.698984733388988388e+01 3.321921718217162641e-03 2.270169166165241989e-02 9.997371233489548148e-01 -1.190080918878599903e-01
0006482 006295 -3.970705294648374517e-02 9.989605988402159298e-01 -2.236625134765207051e-02 2.178528621654174913e+01 -9.992055485299430329e-01 -3.962236394210232743e-02 4.217223781643236226e-03 5.705082199594744452e+01 3.326017156240006298e-03 2.251595657221467511e-02 9.997413100780351281e-01 -1.262821122333779300e-01
0006483 006296 -3.714270464668435051e-02 9.990779488978046574e-01 -2.150527639826876891e-02 2.140179334240383469e+01 -9.993008415743086514e-01 -3.704415571197498119e-02 4.963121936460046686e-03 5.710547823383330979e+01 4.161281789889267023e-03 2.167461342585133913e-02 9.997567762178766193e-01 -1.933476818521562279e-01
0006484 006297 -3.483043632317503469e-02 9.991823993909713097e-01 -2.051128583911990613e-02 2.106527826740000364e+01 -9.993824761024556746e-01 -3.472836543909629120e-02 5.311835597502617690e-03 5.715357766093620739e+01 4.594549065097023981e-03 2.068365151761498641e-02 9.997758713181723600e-01 -2.398056358571043489e-01
0006485 006298 -3.193597705682225951e-02 9.992873945297439109e-01 -2.009104864584208144e-02 2.068992052455564590e+01 -9.994788916347866481e-01 -3.183667121951379297e-02 5.243509973844723976e-03 5.721167639498344215e+01 4.599522043443380823e-03 2.024806404660180539e-02 9.997847650771215511e-01 -2.491268998224738240e-01
0006486 006299 -2.945576698306235156e-02 9.993923219012293968e-01 -1.861706726785411839e-02 2.035995275923960435e+01 -9.995530024814072156e-01 -2.935586766904084779e-02 5.616792333090861976e-03 5.726188516574620735e+01 5.066238866054605453e-03 1.877421370633743092e-02 9.998112710501455558e-01 -3.024406619633097648e-01
0006487 006300 -2.637306477383411993e-02 9.995038678157414092e-01 -1.718305660443427210e-02 1.998231221832338633e+01 -9.996368982120138469e-01 -2.627525720181175112e-02 5.893247308296518418e-03 5.732216249979774148e+01 5.438214940749301618e-03 1.733227135793091386e-02 9.998353530952779344e-01 -3.513644663043038463e-01
0006488 006301 -2.336185462835458845e-02 9.995982767276224701e-01 -1.608354306991503779e-02 1.962406052109884058e+01 -9.997169044857385778e-01 -2.328452507394744922e-02 4.978261234807030040e-03 5.738621184269231890e+01 4.602249430120450638e-03 1.619520712857695777e-02 9.998580473781609745e-01 -3.448691059891784150e-01
0006489 006302 -1.993976654376921828e-02 9.996824058213512609e-01 -1.543718206144968109e-02 1.923013559660364535e+01 -9.997911689498937271e-01 -1.986724311080251618e-02 4.836797466686312309e-03 5.745127779132872092e+01 4.529053110854823483e-03 1.553032483671365309e-02 9.998689299287079058e-01 -3.548995457442183366e-01
0006490 006303 -1.629341735960028112e-02 9.997570759068570290e-01 -1.488694521204645196e-02 1.883950589236951600e+01 -9.998586557494727467e-01 -1.622798067281643400e-02 4.505447135465364718e-03 5.751874102163310454e+01 4.263253316819430767e-03 1.495816328352184491e-02 9.998788217550749202e-01 -3.516551277362323091e-01
0006491 006304 -1.188264842533497470e-02 9.998290102341093055e-01 -1.420070614698346924e-02 1.839159068353444582e+01 -9.999206265852362829e-01 -1.182087644593347343e-02 4.425513840383143993e-03 5.759997144213957654e+01 4.257378277322539963e-03 1.425208558187911027e-02 9.998891603766829617e-01 -3.644951087565466707e-01
0006492 006305 -7.388793322504269220e-03 9.998882188994296927e-01 -1.303482394340408322e-02 1.795393878248557940e+01 -9.999616582831754030e-01 -7.325954888202587841e-03 4.861480096750245457e-03 5.768146743385204900e+01 4.765930103970842172e-03 1.307016320733097800e-02 9.999030141246523229e-01 -4.156206965896966921e-01
0006493 006306 -2.092256044936054247e-03 9.999402607281138167e-01 -1.076917419807594568e-02 1.746788884422630872e+01 -9.999851229110475748e-01 -2.037268273913947578e-03 5.113878857155675951e-03 5.777503994379549113e+01 5.092119695950632179e-03 1.077963234169634910e-02 9.999287231563672718e-01 -4.747055007868503651e-01
0006494 006307 4.417446225126123692e-03 9.999477602226264361e-01 -9.262231901543202181e-03 1.688961464676754076e+01 -9.999826209057831594e-01 4.453978543574180389e-03 3.926575427918055014e-03 5.788422083843852306e+01 3.968110015870957713e-03 9.244644433367935066e-03 9.999491843685592851e-01 -4.370320340288564864e-01
0006495 006308 1.150224730205877226e-02 9.998967508430400830e-01 -8.656489687843663822e-03 1.626967879005667328e+01 -9.999321068327963191e-01 1.151890584107363898e-02 1.876099330354369724e-03 5.799799517883639055e+01 1.976104525285382694e-03 8.634242420283986738e-03 9.999605610600104111e-01 -3.332098871905380122e-01
0006496 006309 1.923608499033227504e-02 9.997820791564637766e-01 -8.159544672011579541e-03 1.562211421579218040e+01 -9.998150043605935622e-01 1.924071871346548848e-02 4.886666914536296098e-04 5.812001587523900525e+01 6.460412252440883314e-04 8.148553872582561114e-03 9.999663800781759537e-01 -2.634564695743080165e-01
0006497 006310 2.893551820588396994e-02 9.995471723178354084e-01 -8.306230402222603698e-03 1.483433773619276508e+01 -9.995813046518982059e-01 2.892903575940023245e-02 -9.008298981307888333e-04 5.826552766315398912e+01 -6.596453830263197989e-04 8.328737466944378248e-03 9.999648860290106800e-01 -1.866054849420990536e-01
0006498 006311 3.886186619506485501e-02 9.992075344710393825e-01 -8.650263088814572066e-03 1.404221787422420675e+01 -9.992445469054938023e-01 3.885406308035924822e-02 -1.069797507397981422e-03 5.841021387854652858e+01 -7.323665987370575744e-04 8.685222139878361752e-03 9.999618026312069308e-01 -1.787795263016960234e-01
0006499 006312 5.084752521492397898e-02 9.986694111258161977e-01 -8.645467854708701813e-03 1.310243923388986786e+01 -9.987056973162417028e-01 5.083349411606479656e-02 -1.836812793076047275e-03 5.857362520586866594e+01 -1.394404128420252860e-03 8.727594427035209254e-03 9.999607293550073495e-01 -1.410184921780555101e-01
0006500 006313 6.315210506720643491e-02 9.979699150488602344e-01 -8.290823026760398701e-03 1.215253647251427083e+01 -9.980031649011094075e-01 6.313795503384073138e-02 -1.959695923306576607e-03 5.873067599848400278e+01 -1.431766489139723849e-03 8.397944405311559557e-03 9.999634993886498124e-01 -1.444663338160481203e-01
0006501 006314 7.667333455684248456e-02 9.970275393393630559e-01 -7.648459098368601272e-03 1.112315898908218514e+01 -9.970557377398939769e-01 7.666028022150872534e-02 -1.988372231399854542e-03 5.889148767771348503e+01 -1.395642462243760519e-03 7.778307941883350757e-03 9.999685623987021321e-01 -1.560991862064824431e-01
0006502 006315 9.233665422106215881e-02 9.956976758493301105e-01 -7.823662790405583323e-03 9.937665419360882879e+00 -9.957282444091590801e-01 9.233286839339795160e-02 -8.471167549230035300e-04 5.906024921791322413e+01 -1.206048487616211118e-04 7.868375957950056454e-03 9.999688250198902617e-01 -2.308591813280500560e-01
0006503 006316 1.087510636291208060e-01 9.940394977326919568e-01 -7.728981117677941395e-03 8.696503176669693858e+00 -9.940693822948927227e-01 1.087472704386933248e-01 -9.135917842514609203e-04 5.921634765324324690e+01 -6.715476323654078264e-05 7.782412604738758906e-03 9.999695027866463137e-01 -2.379379258399367814e-01
0006504 006317 1.247166119435092063e-01 9.921633485192855595e-01 -7.637000974819774940e-03 7.491557822590721116e+00 -9.921925794825945388e-01 1.247126245688387064e-01 -1.001345750908470226e-03 5.934921032664260565e+01 -4.058289070398313642e-05 7.702180633007966667e-03 9.999701254267846506e-01 -2.419076262972339464e-01
0006506 006318 1.411014809770124723e-01 9.899630538712280714e-01 -8.017735039552191176e-03 6.249875641934067971e+00 -9.899953354194285238e-01 1.410950082123325622e-01 -1.373660781110846649e-03 5.946567468463490513e+01 -2.281256399351354563e-04 8.131265211803760662e-03 9.999667030567747084e-01 -2.265861701282219087e-01
0006507 006319 1.600913051720193325e-01 9.870685176562500329e-01 -8.223443876065892125e-03 4.818247741204231716e+00 -9.871000511386968101e-01 1.600663792974255928e-01 -3.612675040196708029e-03 5.957090028367747436e+01 -2.249174812557928980e-03 8.695634158108788911e-03 9.999594501120232515e-01 -1.031529228340559712e-01
0006508 006320 1.800286832300921069e-01 9.836241748820425679e-01 -8.624392051632160175e-03 3.316696642343003987e+00 -9.836509013386054434e-01 1.799784752986637870e-01 -6.291499547320253231e-03 5.964907624165152811e+01 -4.635779520036169103e-03 9.615954263918221820e-03 9.999428059881139141e-01 4.417109445692801728e-02
0006509 006321 1.993086074398786323e-01 9.798995877299158108e-01 -8.581414295212273780e-03 1.866157147587500731e+00 -9.799221462910618907e-01 1.992497526392692508e-01 -7.252505128759001093e-03 5.970023628573653696e+01 -5.396397386182695023e-03 9.854524666900125324e-03 9.999366673609939582e-01 8.887159075609929459e-02
0006510 006322 2.213312320855174709e-01 9.751663508283960891e-01 -7.979261773566635740e-03 2.125919333445835946e-01 -9.751877552566776686e-01 2.212823354238615536e-01 -6.578920387879766754e-03 5.972734777159985242e+01 -4.649387894259644251e-03 9.237321213237495096e-03 9.999463122512464164e-01 3.559594106583574558e-02
0006511 006323 2.424753662656702335e-01 9.701296395885475876e-01 -7.400600199265118528e-03 -1.376267795694275264e+00 -9.701530758358319906e-01 2.424436132408771538e-01 -4.941259370357873638e-03 5.972175761068683641e+01 -2.998949326317175857e-03 8.377770526337764700e-03 9.999601958459068962e-01 -7.229604217605611893e-02
0006512 006324 2.663731097150642269e-01 9.638458200277985055e-01 -6.920508673877504707e-03 -3.173528542057056256e+00 -9.638680242068077275e-01 2.663492948020891316e-01 -4.184107382085143316e-03 5.967118058746746101e+01 -2.189075266240933775e-03 7.784902031557426605e-03 9.999670885400204767e-01 -1.285180906322267447e-01
0006513 006325 2.890730021496124014e-01 9.572852200369129649e-01 -6.534990315046308555e-03 -4.886605232625925055e+00 -9.573050863089643814e-01 2.890507068283639236e-01 -4.159087724604408273e-03 5.957800293421314564e+01 -2.092004045664550872e-03 7.458176213738517725e-03 9.999697866268264512e-01 -1.393036666926619205e-01
0006514 006326 3.141116206730728555e-01 9.493667609994271839e-01 -6.098587143188886894e-03 -6.786824172536398692e+00 -9.493802702802530691e-01 3.140805333375763508e-01 -5.551615492619681354e-03 5.942464108050899085e+01 -3.354587198140930766e-03 7.533626966127235369e-03 9.999657819159610828e-01 -6.600086567192420262e-02
0006515 006327 3.378700865081222804e-01 9.411749025600957275e-01 -5.901688726069945039e-03 -8.597232152148080786e+00 -9.411812175315541484e-01 3.378274653012638407e-01 -7.176582016410303598e-03 5.922958869900594436e+01 -4.760179749396218490e-03 7.979223109820462317e-03 9.999566216042433675e-01 1.859398036685178113e-02
0006516 006328 3.636834264505827141e-01 9.315061312158848805e-01 -5.610219830670175496e-03 -1.058068425184546868e+01 -9.315096264001853088e-01 3.636395944988489726e-01 -7.524398327913084557e-03 5.896739378951906474e+01 -4.968440059130840164e-03 7.962391182450592048e-03 9.999557425786426146e-01 2.732099443765179103e-02
0006517 006329 3.878501702635879789e-01 9.217051676689408390e-01 -5.720695084463323955e-03 -1.244948324585902810e+01 -9.217158843695877346e-01 3.878158686937215327e-01 -6.273909111522086961e-03 5.867330294454677642e+01 -3.563632555671113460e-03 7.706108826804544676e-03 9.999637443387531244e-01 -6.084857908079044364e-02
0006518 006330 4.145064039116262422e-01 9.100323888723077514e-01 -5.127745009207510148e-03 -1.452483528585298700e+01 -9.100420260218632373e-01 4.144797278168898536e-01 -5.537615418093088868e-03 5.828580647859644159e+01 -2.913577634680936373e-03 6.961758044609188054e-03 9.999713092428071937e-01 -1.086882346721935733e-01
0006519 006331 4.395177390663979611e-01 8.982208123145645207e-01 -4.930802319254279018e-03 -1.648484262294778091e+01 -8.982267553554430517e-01 4.394851906445546574e-01 -6.485297505521330635e-03 5.785755562978602029e+01 -3.657729294268339485e-03 7.279299687925688996e-03 9.999666026243864136e-01 -6.223107981747233453e-02
0006520 006332 4.668528777500591254e-01 8.843215439753305818e-01 -4.976797786785055328e-03 -1.864367412229785259e+01 -8.843198749044487439e-01 4.668040061380692718e-01 -8.554556579476369285e-03 5.731705161896252321e+01 -5.241303755903761567e-03 8.394715990625696567e-03 9.999508134637244972e-01 4.155674302865719483e-02
0006521 006333 4.919083355426149828e-01 8.706228971309258879e-01 -6.406369392533739320e-03 -2.063832930603712157e+01 -8.706319532261505012e-01 4.918440422807165979e-01 -9.415671600047687342e-03 5.675302035055392480e+01 -5.047182129773315241e-03 1.020926722502710042e-02 9.999355102922071747e-01 6.833314847952465243e-02
0006522 006334 5.168655295085992085e-01 8.560408313354260779e-01 -6.588110089487173200e-03 -2.264785671562958669e+01 -8.560585584613482624e-01 5.168127733642851052e-01 -8.228450160516652054e-03 5.613292093561403817e+01 -3.639687284603916346e-03 9.892837373748646426e-03 9.999448037991093274e-01 -2.213440248515041731e-02
0006523 006335 5.442196785878156140e-01 8.389187779251311428e-01 -6.295058786069608787e-03 -2.486469809262507624e+01 -8.389355595533340981e-01 5.441692497684487151e-01 -8.152550371291113901e-03 5.537201848683207572e+01 -3.414367503525430302e-03 9.717952501377181279e-03 9.999473133193547136e-01 -3.949127746147240714e-02
0006524 006336 5.717953044514367811e-01 8.203807568055185850e-01 -5.118172651582312237e-03 -2.712230213755537989e+01 -8.203863658383975244e-01 5.717459914202421833e-01 -8.560706290777514438e-03 5.451524888174117223e+01 -4.096258923486726516e-03 9.093770609148132261e-03 9.999500471791649137e-01 -3.108916934346694916e-02
0006525 006337 5.969075575113479415e-01 8.022900992813899457e-01 -5.563753252300661541e-03 -2.919180440042100599e+01 -8.023000528918931007e-01 5.968524600332087982e-01 -8.990714813487879833e-03 5.364241483360274287e+01 -3.893039573734977544e-03 9.830457142399098500e-03 9.999444648841271377e-01 -1.430183372165316769e-02
0006526 006338 6.240608948518174826e-01 7.813604237448721346e-01 -4.814448567318968530e-03 -3.145579170607061315e+01 -7.813589121572960261e-01 6.239958612424268969e-01 -1.033270263477676330e-02 5.260354998201819399e+01 -5.069986000428176008e-03 1.021007526942960437e-02 9.999353866960779547e-01 5.843540335054342449e-02
0006527 006339 6.488576500597471597e-01 7.608945340636217303e-01 -4.726369923956666615e-03 -3.354647242328701395e+01 -7.608951761215371201e-01 6.487951350624978630e-01 -1.012552259216371701e-02 5.156209342137890417e+01 -4.638626610141979335e-03 1.016632558654745853e-02 9.999379262695969883e-01 2.952769300596003177e-02
0006528 006340 6.752212934480755768e-01 7.375941660528531063e-01 -5.508040469948621322e-03 -3.579909692946375799e+01 -7.376074762556084075e-01 6.751623126607412262e-01 -9.506512327978420412e-03 5.034837257629351370e+01 -3.293744359231464813e-03 1.048179886665802536e-02 9.999400026673661568e-01 -5.341705159273146819e-02
0006529 006341 6.993529416204130600e-01 7.147561845649542667e-01 -5.300869992313776008e-03 -3.788243592029857609e+01 -7.147704056841590603e-01 6.992990423872929018e-01 -9.119378596609464122e-03 4.912789345857891021e+01 -2.811856964672873431e-03 1.016660087720588218e-02 9.999447279073477857e-01 -8.868274824884991858e-02
0006530 006342 7.248913656317681475e-01 6.888498178761880419e-01 -4.341772686889623124e-03 -4.012392522540858408e+01 -6.888491371495429894e-01 7.248215314402914888e-01 -1.100271559065757292e-02 4.771034696440074185e+01 -4.431723564572995384e-03 1.096652335310829493e-02 9.999298312625961582e-01 -1.295888606535555709e-02
0006531 006343 7.475209753287495040e-01 6.642154963182855809e-01 -5.408105694258790938e-03 -4.213569313792595494e+01 -6.642243490079239310e-01 7.474297694077544074e-01 -1.240175044245869253e-02 4.633223588391547310e+01 -4.195873399771362852e-03 1.286279414443587503e-02 9.999088309134693819e-01 1.018606122984522244e-02
0006532 006344 7.711390891992336849e-01 6.366402315683519220e-01 -5.763552210245707907e-03 -4.427751315395198617e+01 -6.366523787734917894e-01 7.710303258195669862e-01 -1.361729818565565395e-02 4.476365305050057941e+01 -4.226063427256372164e-03 1.417023261878444171e-02 9.998910300309117316e-01 1.618783635222342809e-02
0006533 006345 7.923275539590427519e-01 6.100592558460476988e-01 -6.640065194627014708e-03 -4.623067486708487195e+01 -6.100867600497459353e-01 7.922110625183705901e-01 -1.396587710423429808e-02 4.322879257253998730e+01 -3.260297143663461877e-03 1.511658994841262767e-02 9.998807854153336505e-01 -4.252227835421251712e-02
0006534 006346 8.143984678642821606e-01 5.802678352678320994e-01 -6.602421830447242034e-03 -4.830264257742510381e+01 -5.803025372143302274e-01 8.143053577085782591e-01 -1.244502023059804868e-02 4.148116783140676489e+01 -1.845675625343123601e-03 1.396663529437902965e-02 9.999011204550010135e-01 -1.427454460051151841e-01
0006535 006347 8.337842393306950095e-01 5.520556193307435411e-01 -6.116885236611586951e-03 -5.016208459510653483e+01 -5.520881149656360343e-01 8.337052381296424786e-01 -1.153976143634137183e-02 3.979984229493879866e+01 -1.271529116536562060e-03 1.299876323803024480e-02 9.999150657629043426e-01 -1.877785356536065819e-01
0006536 006348 8.539050193276361833e-01 5.203990253465898830e-01 -5.495804412978842063e-03 -5.213282168256682780e+01 -5.204270718391514894e-01 8.538344725120904366e-01 -1.101666483112072673e-02 3.788447319388251344e+01 -1.041172661581460119e-03 1.226738108590837151e-02 9.999245723507611538e-01 -2.093498711629635523e-01
0006537 006349 8.715172228237665353e-01 4.903372603159336651e-01 -5.120774119216228715e-03 -5.389985059831087710e+01 -4.903629989486784635e-01 8.714459485542971340e-01 -1.118355802405964806e-02 3.603856939548631999e+01 -1.021855608558190067e-03 1.225773219136688102e-02 9.999247105948274594e-01 -2.137909777504205522e-01
0006538 006350 8.894477900508892532e-01 4.570035603600452467e-01 -5.451093639325203626e-03 -5.575144752810410864e+01 -4.570350165335095860e-01 8.893559436627683779e-01 -1.281342675609711303e-02 3.396306110170621650e+01 -1.008437499338156159e-03 1.388824100440977025e-02 9.999034067798481251e-01 -2.104509282041817642e-01
0006539 006351 9.048279723843323241e-01 4.257386544654840344e-01 -5.694751331122831044e-03 -5.739155248524821218e+01 -4.257761352775612518e-01 9.047219991296678865e-01 -1.386030326058806418e-02 3.198973213291083084e+01 -7.493185480916470572e-04 1.496590233716256144e-02 9.998880852710542166e-01 -2.270716793814102630e-01
0006540 006352 9.200604370384253272e-01 3.917364082238926626e-01 -5.543489501607546700e-03 -5.908132491980268242e+01 -3.917754537223100408e-01 9.199525137647369677e-01 -1.409015527925755809e-02 2.982034973040026671e+01 -4.204982454417375160e-04 1.513562314304935791e-02 9.998857227036422879e-01 -2.513057770751032649e-01
0006541 006353 9.328815072782966622e-01 3.601396674291765798e-01 -5.548285827350833699e-03 -6.056504780466639204e+01 -3.601820752334184417e-01 9.327919235509185558e-01 -1.292952407202737145e-02 2.778364911052790376e+01 5.183430199716204884e-04 1.406013474492486676e-02 9.999013776970434586e-01 -3.217004264653091639e-01
0006542 006354 9.443844006535061508e-01 3.287918668035085812e-01 -5.758644294083776691e-03 -6.196413525743082573e+01 -3.288379504888516713e-01 9.443173058186780100e-01 -1.137406176812609526e-02 2.574048270479613620e+01 1.697669799836794844e-03 1.263517793891217461e-02 9.999190916689839614e-01 -4.107573050373432011e-01
0006543 006355 9.551828943191909005e-01 2.959577883706236423e-01 -5.827563606409521570e-03 -6.336997199023699068e+01 -2.960050123976720182e-01 9.551280930525249957e-01 -1.051062952893449393e-02 2.357642814292557887e+01 2.454747753198166342e-03 1.176458952544139763e-02 9.999281411052141078e-01 -4.690717611624073413e-01
0006544 006356 9.643087040722394532e-01 2.647104194632179386e-01 -6.020137122103618940e-03 -6.466071519555407576e+01 -2.647599670563896002e-01 9.642622602843127222e-01 -9.967385406324268116e-03 2.149032244648401502e+01 3.165901548379341547e-03 1.120555973123028848e-02 9.999325628840126656e-01 -5.243814843524887692e-01
0006545 006357 9.714084161776097570e-01 2.373229659724634677e-01 -6.557720395325360510e-03 -6.576280602024780819e+01 -2.373786187158725691e-01 9.713686706347942623e-01 -9.672865969926489060e-03 1.964358065025714950e+01 4.073750504387498896e-03 1.095299158147520178e-02 9.999320743047910298e-01 -5.922776288620443808e-01
0006546 006358 9.777960620586864104e-01 2.094454528425044593e-01 -6.845629034980083710e-03 -6.686540936675828561e+01 -2.095023361192219213e-01 9.777659400272847856e-01 -9.038374320095250714e-03 1.774448904436235352e+01 4.799756341827877276e-03 1.027188989290011081e-02 9.999360811444240049e-01 -6.499850165448588513e-01
0006547 006359 9.826182632468973832e-01 1.855026127013843507e-01 -7.042849930347250091e-03 -6.780806307456896320e+01 -1.855583732279407205e-01 9.825976650764411957e-01 -8.315094113154064548e-03 1.609771355818713801e+01 5.377195480003485288e-03 9.477450130154007474e-03 9.999409876181106771e-01 -6.969124524238221596e-01
0006548 006360 9.868047975783253989e-01 1.617683943838338634e-01 -6.810328311469803116e-03 -6.875396079444180941e+01 -1.618192571673483793e-01 9.867895972879198174e-01 -7.724418858082847221e-03 1.444899235336147569e+01 5.470175632541747143e-03 8.724569515022108021e-03 9.999473355672529040e-01 -7.106651171279274593e-01
0006549 006361 9.898165020724526419e-01 1.421876239386595797e-01 -6.721416910426662034e-03 -6.956281528722774965e+01 -1.422345492303525860e-01 9.898069385335097614e-01 -7.106702971894991033e-03 1.307166888432796270e+01 5.641800635498896328e-03 7.990381878962291365e-03 9.999525181158408493e-01 -7.302198067723821850e-01
0006550 006362 9.923032993318060546e-01 1.236289541681051540e-01 -7.044964746461428173e-03 -7.038162531382022280e+01 -1.236735892998586522e-01 9.923026586988873410e-01 -6.293130128103006579e-03 1.175364474804351289e+01 6.212102261538942141e-03 7.115996407286980484e-03 9.999557421510061328e-01 -7.787043286992503255e-01
0006551 006363 9.940183331153289448e-01 1.089421538989867877e-01 -7.645939608615990972e-03 -7.109271503582931473e+01 -1.089887247302943618e-01 9.940246304780658848e-01 -5.960529213086326362e-03 1.069882978296416809e+01 6.950279314482766396e-03 6.758227927637980650e-03 9.999533653553018819e-01 -8.379908736958752158e-01
0006552 006364 9.953958128429697405e-01 9.552250504124681907e-02 -7.863308149099841257e-03 -7.182609206053166417e+01 -9.556259477138780156e-02 9.954108887922380466e-01 -4.887956161920010978e-03 9.725224433703203886e+00 7.359693327284762276e-03 5.616922716882746629e-03 9.999574978096096300e-01 -8.763140238077093969e-01
0006553 006365 9.963190035426766622e-01 8.538365205489260867e-02 -7.581931473875195247e-03 -7.247567021847953583e+01 -8.541556168691238904e-02 9.963370070084497376e-01 -3.986785267210148608e-03 8.980902169296314241e+00 7.213131595789131802e-03 4.619755634513892512e-03 9.999636698790468348e-01 -8.742185922513980856e-01
0006554 006366 9.970408971312614277e-01 7.650561328098197389e-02 -7.521538451924533741e-03 -7.315572494978823670e+01 -7.653793478928008764e-02 9.970582096225263369e-01 -4.107000180691670367e-03 8.327692269365456923e+00 7.185309236167081517e-03 4.670604372757743150e-03 9.999636594391799749e-01 -8.676377049998986735e-01
0006555 006367 9.974983632896481378e-01 7.038529050186249914e-02 -6.500068014635819805e-03 -7.377107587774116837e+01 -7.040034810287817968e-02 9.975161035370467832e-01 -2.114854366445672630e-03 7.857885520089041620e+00 6.334447753017857265e-03 2.567203939490112982e-03 9.999769985854992660e-01 -8.257988950511911952e-01
0006556 006368 9.978279239436028680e-01 6.557999993981088183e-02 -6.233641339085731550e-03 -7.442273291625406273e+01 -6.560218525511650467e-02 9.978399450235579948e-01 -3.423544100976441337e-03 7.494617723634348749e+00 5.995767376638662036e-03 3.825124126743810818e-03 9.999750908044975350e-01 -7.899545170999342503e-01
0006557 006369 9.980198354409943740e-01 6.264214892327149564e-02 -5.639407678386837083e-03 -7.502172572944073181e+01 -6.265315833757403863e-02 9.980333308370927803e-01 -1.794433859313527028e-03 7.253608031849068993e+00 5.515288795095861681e-03 2.144239131882411283e-03 9.999828490074468279e-01 -7.732005549086142793e-01
0006558 006370 9.981343780557487833e-01 6.072009548360014081e-02 -6.332016941090699499e-03 -7.566559509890976187e+01 -6.072886548083990255e-02 9.981530744723418058e-01 -1.199584748212886463e-03 7.094621194299520539e+00 6.246863733921678707e-03 1.581917464005192083e-03 9.999795936588974365e-01 -8.355519695033102323e-01
0006559 006371 9.981759122304902920e-01 5.997632610492976274e-02 -6.867071494839094813e-03 -7.625818359863114893e+01 -5.998147255081935636e-02 9.981989420899703980e-01 -5.436022661727956274e-04 7.024784575969590605e+00 6.821478670586462838e-03 9.545397502889448136e-04 9.999766342555228560e-01 -8.866936290437781309e-01
