0007448 007257 -9.745444072132547486e-02 9.952258751613296539e-01 -5.345991139206699577e-03 8.561380436274248495e+01 -9.950794820258364037e-01 -9.734109695428182218e-02 1.845702809253687779e-02 5.105132557825436379e+01 1.784855639328735907e-02 7.118406752774007924e-03 9.998152157197104373e-01 -6.561495918426345497e-01
0007449 007258 -9.386603855882010017e-02 9.955784050767384485e-01 -3.468291184743330091e-03 8.448999967912459397e+01 -9.953602859241932332e-01 -9.377033915175075895e-02 2.155602840805712767e-02 5.132503337284947520e+01 2.113549915076291807e-02 5.475571868813400821e-03 9.997620730183630622e-01 -8.186659158719322704e-01
0007450 007259 -9.006256548974318765e-02 9.959261800388579111e-01 -4.507286299812663516e-03 8.329163063805390266e+01 -9.957551796847766701e-01 -8.995922201878546465e-02 1.944557475604449109e-02 5.163988988082758169e+01 1.896091228175987228e-02 6.239472519611760117e-03 9.998006106808033921e-01 -8.060285168729848237e-01
0007451 007260 -8.641249379945196984e-02 9.962477536769575037e-01 -4.870821738604283642e-03 8.217386617379906966e+01 -9.960704968767218892e-01 -8.630007855385202209e-02 1.987267021507446371e-02 5.192546291711215645e+01 1.937778073962354020e-02 6.568929781024606361e-03 9.997905076157272974e-01 -8.108768387402562894e-01
0007452 007261 -8.239099612873233835e-02 9.965849358898982713e-01 -5.546957293253304382e-03 8.095944436411446077e+01 -9.964051287883058938e-01 -8.226372127057039740e-02 2.021651840641348896e-02 5.223586626570994440e+01 1.969119002022361870e-02 7.192677022674192136e-03 9.997800912245282667e-01 -7.908937665726938349e-01
0007453 007262 -7.850552982644490307e-02 9.968947947480267802e-01 -6.167957283044470627e-03 7.983187798539893265e+01 -9.967230232266965917e-01 -7.836826827988521704e-02 2.001624786260553651e-02 5.253022726410245014e+01 1.947075227438174391e-02 7.719133213535960165e-03 9.997804824726226336e-01 -7.459081686898514363e-01
0007454 007263 -7.443629971195399320e-02 9.972065993930027128e-01 -6.224493578239708065e-03 7.861985859947526478e+01 -9.970409959233986763e-01 -7.430113333108494256e-02 1.969081498979297074e-02 5.283160797326502234e+01 1.917335172219114536e-02 7.671788430124710720e-03 9.997865945228225915e-01 -7.408497658622792414e-01
0007455 007264 -7.073799634946824344e-02 9.974775998497379392e-01 -5.922697506191770996e-03 7.750554488969191880e+01 -9.973146604849013608e-01 -7.061130610734171753e-02 1.940721209031476269e-02 5.310061662563077789e+01 1.894007819925700234e-02 7.279621779915077841e-03 9.997939732122421708e-01 -7.643851107953025803e-01
0007456 007265 -6.642727896975859914e-02 9.977745585287338681e-01 -5.819052579095962061e-03 7.628353186404729058e+01 -9.976205733432617073e-01 -6.630712890418896666e-02 1.885982145557585365e-02 5.341022312855554333e+01 1.843203366900946980e-02 7.058014404027967807e-03 9.998050574319677919e-01 -7.562219160583509847e-01
0007457 007266 -6.256482321293305171e-02 9.980300457755062471e-01 -4.562241699497166653e-03 7.515492826208628685e+01 -9.978336289012108562e-01 -6.245806749173221650e-02 2.065432560955755836e-02 5.366845689746489256e+01 2.032869682350919860e-02 5.844585901782494396e-03 9.997767144550960827e-01 -8.045959425337656512e-01
0007458 007267 -5.816282670656942877e-02 9.982964047446593048e-01 -4.532210090733654155e-03 7.392926659183558513e+01 -9.981150960674187722e-01 -5.806205002316695840e-02 1.986554176679588765e-02 5.397434839927942107e+01 1.956855706156580485e-02 5.679096930326550836e-03 9.997928352044881395e-01 -7.805485208145768183e-01
0007459 007268 -5.430566710644032374e-02 9.985133496954732291e-01 -4.601982077847496799e-03 7.280958222944536828e+01 -9.983225927128855925e-01 -5.420151499449956528e-02 2.034231079824334529e-02 5.423808395039398533e+01 2.006264116434449893e-02 5.698958903022670157e-03 9.997829295295788121e-01 -8.163500625577739811e-01
0007460 007269 -5.010066032195188007e-02 9.987358010494289395e-01 -3.983850385036140709e-03 7.159722323962068913e+01 -9.985502616834585066e-01 -5.001197913526424926e-02 1.989332700071318183e-02 5.451922685534499635e+01 1.966894567594900875e-02 4.974737714889746268e-03 9.997946181427455059e-01 -8.527615095842975279e-01
0007461 007270 -4.612987878257477498e-02 9.989279426443904430e-01 -3.759918964442532895e-03 7.047364969783575361e+01 -9.987529188541756087e-01 -4.604921568691684730e-02 1.927782488910219361e-02 5.477997073543727424e+01 1.908402505884813916e-02 4.644508082486644568e-03 9.998075427106927204e-01 -8.477406030945786597e-01
0007462 007271 -4.202253965084416787e-02 9.990998613079173918e-01 -5.836204811448241284e-03 6.927156055476461916e+01 -9.989732356050082807e-01 -4.191702014378308888e-02 1.716219150558329076e-02 5.506067771118692633e+01 1.690213679960796828e-02 6.551412158554781665e-03 9.998355389656781167e-01 -7.504542790799035856e-01
0007463 007272 -3.809565038897450018e-02 9.992484558841547848e-01 -7.190895574493317600e-03 6.807224764408510964e+01 -9.991307928692926277e-01 -3.796757527907571039e-02 1.718138781017482936e-02 5.530949929956904043e+01 1.689548500143947182e-02 7.839183422895192391e-03 9.998263839275289833e-01 -6.729206467644814893e-01
0007464 007273 -3.438368383742313600e-02 9.993781246262084528e-01 -7.848916695921625067e-03 6.696117343832429469e+01 -9.992693849613124568e-01 -3.424695392842377201e-02 1.693915133759200595e-02 5.553996342073196502e+01 1.665984617966224587e-02 8.425615100317987438e-03 9.998255681532894901e-01 -6.298267703218556335e-01
0007465 007274 -3.065771300988676812e-02 9.995016068898158190e-01 -7.557845737734537189e-03 6.584848014560702723e+01 -9.993851092909037392e-01 -3.052391518899865569e-02 1.722745024391248922e-02 5.576653698265607773e+01 1.698819937279251457e-02 8.081354937278534961e-03 9.998228848150263470e-01 -6.790452986702746330e-01
0007466 007275 -2.686935292234070294e-02 9.996167472031801671e-01 -6.694369701818173382e-03 6.465760466462324985e+01 -9.994821727829718006e-01 -2.674615095386705457e-02 1.786223936206216001e-02 5.599070937986423502e+01 1.767637643474582326e-02 7.170851643053414992e-03 9.998178998447134758e-01 -7.836430760194872391e-01
0007467 007276 -2.355044100222973905e-02 9.997059571544333334e-01 -5.819172051611797361e-03 6.356731244396996772e+01 -9.995581450474650964e-01 -2.344074784313035509e-02 1.825223864346884467e-02 5.618219201917069938e+01 1.811049533294229949e-02 6.246449713183139553e-03 9.998163331841697365e-01 -8.727457376462126604e-01
0007468 007277 -2.025940398123753788e-02 9.997792522312229924e-01 -5.620189385972803459e-03 6.240224614430644579e+01 -9.996157443889134298e-01 -2.014922826649266294e-02 1.901489652193374263e-02 5.636758754363854251e+01 1.889748297749852327e-02 6.003260495208316908e-03 9.998032578103742685e-01 -9.389393780247203836e-01
0007469 007278 -1.722060831086739269e-02 9.998266392220526155e-01 -7.116389450115357188e-03 6.132355871262097935e+01 -9.996707510901646776e-01 -1.708183301239615468e-02 1.912359446815108457e-02 5.653708738522378496e+01 1.899874673932830035e-02 7.443367909142882717e-03 9.997916544090691415e-01 -8.650333747161909059e-01
0007470 007279 -1.391086066283693870e-02 9.998554041002112314e-01 -9.805151296562678725e-03 6.015178477679455682e+01 -9.997325241552779129e-01 -1.372687762090732747e-02 1.858885391428841821e-02 5.671843049809432813e+01 1.845160131177867729e-02 1.006111948322209286e-02 9.997789858723327150e-01 -6.885656161495319338e-01
0007471 007280 -1.097952328897913374e-02 9.998867778241228299e-01 -1.025353216840205715e-02 5.907350814770506986e+01 -9.997162376166408571e-01 -1.075978575687701333e-02 2.124491939614041661e-02 5.686086983379376392e+01 2.113219258126073155e-02 1.048387178200897371e-02 9.997221676907286358e-01 -6.889162290182326842e-01
0007472 007281 -7.944701671576712837e-03 9.999106503298168525e-01 -1.077802878752733354e-02 5.793080919003477902e+01 -9.997856302732730516e-01 -7.736932376525791633e-03 1.918426884014395525e-02 5.702997849908670958e+01 1.909919151930161013e-02 1.092813573598177580e-02 9.997577232021224170e-01 -6.945804887772624170e-01
0007473 007282 -5.582471341167881580e-03 9.999471598730498290e-01 -8.656216425926090835e-03 5.689924689635972754e+01 -9.998078084633924556e-01 -5.418824904568042035e-03 1.881512617585392316e-02 5.714279790951640337e+01 1.876725651926195240e-02 8.759590659828116882e-03 9.997853609476510250e-01 -8.051814306457885095e-01
0007474 007283 -3.371335336041559640e-03 9.999741401352350012e-01 -6.394831450639253470e-03 5.580242170204473950e+01 -9.998202692335922404e-01 -3.251523185703051547e-03 1.865495563319210029e-02 5.724278516793435756e+01 1.863370797048034475e-02 6.456574884439627952e-03 9.998053840015874716e-01 -9.309671409478426085e-01
0007475 007284 -1.481427612395144798e-03 9.999822919633394314e-01 -5.807217208272901464e-03 5.479784495316471293e+01 -9.998281580122658774e-01 -1.373981637811136402e-03 1.846291083088002702e-02 5.732652891126272010e+01 1.845463367459354576e-02 5.833570986639574456e-03 9.998125345497806959e-01 -9.613264160551509008e-01
0007476 007285 5.934337913524179295e-04 9.999818073537950491e-01 -6.050663888018822933e-03 5.370823453808861814e+01 -9.998294849188752442e-01 7.048640696740920497e-04 1.843072965657265375e-02 5.741745456908052603e+01 1.843468611971406726e-02 6.038694975900892915e-03 9.998116846746801789e-01 -9.578326342599154941e-01
0007477 007286 2.493837919470304632e-03 9.999789270415512243e-01 -6.036588108586904075e-03 5.270540941095168819e+01 -9.998265809914769209e-01 2.604633064696893104e-03 1.841596598844350702e-02 5.749867628154224519e+01 1.843132951855390445e-02 5.989615155937402097e-03 9.998120417855118625e-01 -9.688046031075856490e-01
0007478 007287 4.571940657918946785e-03 9.999733297995327952e-01 -5.736320325807612273e-03 5.162081023612699937e+01 -9.998239782728387537e-01 4.675350666336326386e-03 1.814474488079444517e-02 5.758422916154329130e+01 1.817111008419956472e-02 5.652354075442611418e-03 9.998187685431367822e-01 -9.802455709710002907e-01
0007479 007288 6.284325931494766197e-03 9.999680438490509138e-01 -4.862285073645528088e-03 5.062686162549016444e+01 -9.997703607081673827e-01 6.382510066232028635e-03 2.044834884230228161e-02 5.763673798311290852e+01 2.047873466489171651e-02 4.732658461873418682e-03 9.997795343298483406e-01 -1.036690775532967734e+00
0007480 007289 7.841960416910626064e-03 9.999523033194586130e-01 -5.753301351470512144e-03 4.957447463658081688e+01 -9.997616489136821327e-01 7.957382045053385325e-03 2.032125472607464525e-02 5.769342348226136608e+01 2.036607288782607550e-02 5.592565075566126136e-03 9.997773953074849951e-01 -9.959159018395098428e-01
0007481 007290 8.866925465554755664e-03 9.999416011101165402e-01 -6.121800853563810069e-03 4.862895542564365314e+01 -9.997455950210235587e-01 8.991783785235196030e-03 2.067896793398831673e-02 5.772424563050495294e+01 2.073280945708453823e-02 5.936877665952140781e-03 9.997678720389686635e-01 -1.009845168097172063e+00
0007482 007291 9.724269110663635168e-03 9.999303856089560849e-01 -6.720362227345344497e-03 4.762869336429866962e+01 -9.997759413257985006e-01 9.848548635193788564e-03 1.871320442958543384e-02 5.775780614570147975e+01 1.877811619795486525e-02 6.536885067741106219e-03 9.998021603303862692e-01 -1.004941337735075990e+00
0007483 007292 1.030039232057994129e-02 9.999294520219623728e-01 -5.957649580049273995e-03 4.671483717896262533e+01 -9.997766321255302513e-01 1.040828302472545167e-02 1.837020093025195505e-02 5.776359347292336111e+01 1.843094270778634913e-02 5.767098740214664752e-03 9.998133571917119378e-01 -1.028434302580784276e+00
0007484 007293 1.079968013246357210e-02 9.999217879296388167e-01 -6.346342826698550370e-03 4.573277297937420371e+01 -9.997740845790517028e-01 1.091370477060500492e-02 1.821461269946693384e-02 5.776522137919587863e+01 1.828247939033817229e-02 6.148197627003324471e-03 9.998138121171843418e-01 -1.009730620208060259e+00
0007485 007294 1.105378891867698186e-02 9.999080377166229550e-01 -7.880479809004132044e-03 4.483753275006802141e+01 -9.997746646154701544e-01 1.119425499457236788e-02 1.800807924791666959e-02 5.775802389775395795e+01 1.809467178616982683e-02 7.679648781419586012e-03 9.998066383630210829e-01 -9.388240908109679594e-01
0007486 007295 1.125113611866314541e-02 9.998902743419997297e-01 -9.660043411785078360e-03 4.387547529460789519e+01 -9.997711514157142654e-01 1.142430194675344256e-02 1.806116084321128176e-02 5.774696496112555621e+01 1.816956832846688269e-02 9.454627577438774050e-03 9.997900705101976371e-01 -8.738070581179187002e-01
0007487 007296 1.146095359193999817e-02 9.998825122233510054e-01 -1.020625114293685458e-02 4.298922120789120527e+01 -9.997699148923531176e-01 1.164333334753172612e-02 1.799220747417195482e-02 5.773679411848416976e+01 1.810895572188507899e-02 9.997698451778763012e-03 9.997858871019967841e-01 -8.557928826344749496e-01
0007488 007297 1.152194452846442597e-02 9.998940634537695216e-01 -8.854723237633241317e-03 4.203588718989158224e+01 -9.997246752686720361e-01 1.170004427528336180e-02 2.033234254417260606e-02 5.770418498247281036e+01 2.043379249927217145e-02 8.618008369849839909e-03 9.997545117951219806e-01 -9.368661921106422596e-01
0007489 007298 1.150960139641099035e-02 9.998992644766484528e-01 -8.252771484143483008e-03 4.116712211814774491e+01 -9.997197236761642403e-01 1.167741249306343369e-02 2.058282069710601694e-02 5.768439054218306694e+01 2.067712710254015346e-02 8.013550527598660433e-03 9.997545364787818745e-01 -9.846336280260601370e-01
0007490 007299 1.123456382394113703e-02 9.999140745818868581e-01 -6.702126847947209067e-03 4.024570713193043048e+01 -9.997073548739010551e-01 1.137529188465496305e-02 2.134291455241413282e-02 5.765249842243225942e+01 2.141732271814137181e-02 6.460379976411982986e-03 9.997501966032343867e-01 -1.099333467506284023e+00
0007491 007300 1.105409030607477222e-02 9.999248426478242191e-01 -5.224961509631892431e-03 3.939264990726951510e+01 -9.997031728964164143e-01 1.116473993138621633e-02 2.164534589381069546e-02 5.762570117883602450e+01 2.170206093031074035e-02 4.984134918621112645e-03 9.997525057725208386e-01 -1.183476913774242689e+00
0007492 007301 1.097151668978875623e-02 9.999349920915128198e-01 -2.951218230872062163e-03 3.846760460605401022e+01 -9.996965576943634968e-01 1.103386348996952294e-02 2.201229115391709415e-02 5.760045695066092719e+01 2.204343292467988644e-02 2.708809789168498735e-03 9.997537913355567518e-01 -1.298121782524162882e+00
0007493 007302 1.057205912874769650e-02 9.999370910265881207e-01 -3.821218426964783331e-03 3.763622607993056590e+01 -9.997435381901736973e-01 1.064632991977534741e-02 1.996696470864464321e-02 5.758226985621840299e+01 2.000641720112701985e-02 3.609144889728905896e-03 9.997931914813729115e-01 -1.268530354746623345e+00
0007494 007303 1.027332831780135465e-02 9.999320233606220354e-01 -5.566676012229120063e-03 3.672150932558270142e+01 -9.997196009426613239e-01 1.038951280554343236e-02 2.125953775950175512e-02 5.755377880265314161e+01 2.131595281306667908e-02 5.346708793290789324e-03 9.997583464609581805e-01 -1.287396490839057606e+00
0007495 007304 9.969410771234187355e-03 9.999170413553760683e-01 -8.193252123091385869e-03 3.588116700531281822e+01 -9.997116429983228247e-01 1.014556702578682523e-02 2.174663986961085024e-02 5.752803292675744729e+01 2.182798484762830601e-02 7.974090370402697747e-03 9.997297942218783540e-01 -1.230475146484522497e+00
0007496 007305 9.892642630681696206e-03 9.998896074839469517e-01 -1.111086735904455967e-02 3.496030631000394351e+01 -9.997171891978480218e-01 1.012981688175032535e-02 2.149607557593993107e-02 5.750832395722476065e+01 2.160627939374085843e-02 1.089507650923448451e-02 9.997070443353870406e-01 -1.126816777085380750e+00
0007497 007306 9.842432151991079362e-03 9.998951272822862446e-01 -1.058055475657359093e-02 3.410931491773590096e+01 -9.996575422443314540e-01 1.009545400558952213e-02 2.413274515337750226e-02 5.747510272062929459e+01 2.423703914674602000e-02 1.033939695947927624e-02 9.996532180562902603e-01 -1.198282802610094677e+00
0007498 007307 9.633871961033130260e-03 9.999071904811734912e-01 -9.594770442076214906e-03 3.321215738512455573e+01 -9.996329424500564054e-01 9.873253645248644683e-03 2.522265199690526885e-02 5.744951066300389186e+01 2.531504580137262581e-02 9.348247885155975059e-03 9.996362600024596423e-01 -1.301777915627440052e+00
0007499 007308 9.655559756977986560e-03 9.999040759555202218e-01 -9.954099996691534100e-03 3.238176128789291397e+01 -9.996998466855689935e-01 9.876592909796522851e-03 2.239987413163572680e-02 5.744754517438738617e+01 2.249606544857246301e-02 9.734832458495778357e-03 9.996993891154238865e-01 -1.244211663259974898e+00
0007500 007309 9.637612834897470865e-03 9.999118782522905535e-01 -9.086696378829353313e-03 3.147853097528968647e+01 -9.996405980248211920e-01 9.861465130616904259e-03 2.492116474063281809e-02 5.741405215106328797e+01 2.500858150861366008e-02 8.843241451993151189e-03 9.996485690224579113e-01 -1.318650288828067119e+00
0007501 007310 9.511038969797085824e-03 9.999132199646099117e-01 -9.072218050336380846e-03 3.066396173636803724e+01 -9.996277996557019208e-01 9.739466363292256096e-03 2.547625762288293141e-02 5.739331645867760301e+01 2.556241006148912351e-02 8.826527091821207566e-03 9.996347078834767474e-01 -1.362191195349637951e+00
0007502 007311 9.338993042350252072e-03 9.999143340915646050e-01 -9.128675261934879326e-03 2.979351989432416303e+01 -9.996432819813342308e-01 9.564051329488473460e-03 2.492960094987136527e-02 5.737010353701420229e+01 2.501477686607449583e-02 8.892592887293842077e-03 9.996479762129696356e-01 -1.339963196009136936e+00
0007503 007312 8.723022640900301994e-03 9.999220975444844672e-01 -8.877786656963248049e-03 2.895931930969618406e+01 -9.996348807699816374e-01 8.946799645316774047e-03 2.548704783136255050e-02 5.733369766105701615e+01 2.556449837350325410e-02 8.652212520793520559e-03 9.996361784290380692e-01 -1.388897957308060427e+00
0007504 007313 7.502191708134434839e-03 9.999261092387885519e-01 -9.594324328597620896e-03 2.824489304911094223e+01 -9.996910634564057929e-01 7.726938143298949999e-03 2.360592397413855542e-02 5.729704077280484853e+01 2.367833864328536958e-02 9.414267419639025386e-03 9.996751554581339017e-01 -1.372317911984779926e+00
0007505 007314 5.908896217545123696e-03 9.999401529406318767e-01 -9.234867214283721745e-03 2.755575957895871397e+01 -9.997241885370097281e-01 6.116856301880568662e-03 2.265497507848033068e-02 5.723597076177814813e+01 2.271013390065499196e-02 9.098457227231016020e-03 9.997005433768514360e-01 -1.336660075725419006e+00
0007506 007315 4.326645339678566148e-03 9.999527896461295473e-01 -8.650367600524731457e-03 2.680543398535610322e+01 -9.997104225194084481e-01 4.529962649261823349e-03 2.362420514925029844e-02 5.715931686280308099e+01 2.366228355797751412e-02 8.545640705709959400e-03 9.996839310650053045e-01 -1.316153091559201016e+00
0007507 007316 2.293209774571835103e-03 9.999490629677257880e-01 -9.784479053778390167e-03 2.616336516232331633e+01 -9.996964712018732158e-01 2.532331274521596072e-03 2.449690632932188111e-02 5.709090509144716208e+01 2.452044408175074394e-02 9.725323465539125606e-03 9.996524693577594212e-01 -1.343406652632111786e+00
0007508 007317 -3.237927956108095520e-06 9.999454758633991025e-01 -1.040195990002166539e-02 2.548860596077429364e+01 -9.996794559226677146e-01 2.600302624174401700e-04 2.530801379397816867e-02 5.701527640628314231e+01 2.530934548474933488e-02 1.039869791489511641e-02 9.996260288958288553e-01 -1.382681928950361794e+00
0007509 007318 -1.810396599406795173e-03 9.999441908870262408e-01 -1.037368185398739213e-02 2.486152369334558898e+01 -9.996962029425480178e-01 -1.554819656652512349e-03 2.459232227642448379e-02 5.695301763971671249e+01 2.457482330307445700e-02 1.041504250907455617e-02 9.996441859665795571e-01 -1.351283165561540045e+00
0007510 007319 -4.625518802949407822e-03 9.999439633047804143e-01 -9.475625039865506402e-03 2.424583086714665114e+01 -9.997061565108997794e-01 -4.398616067723206541e-03 2.382829621898128677e-02 5.686474425420898626e+01 2.378528984146125250e-02 9.583049895628420120e-03 9.996716054595791157e-01 -1.335745924253913586e+00
0007511 007320 -7.990268544390563901e-03 9.999396800204353175e-01 -7.485551932420238253e-03 2.373396703009075281e+01 -9.996734626916339295e-01 -7.806041976482074561e-03 2.432483396698542633e-02 5.676663055146929082e+01 2.426493824646796041e-02 7.677461741540974466e-03 9.996765292044997864e-01 -1.415808742755075400e+00
0007512 007321 -1.218982214610601564e-02 9.999054148988206769e-01 -6.303031977862916246e-03 2.322431415380378894e+01 -9.996104379460978295e-01 -1.202751297060702072e-02 2.517721750187450550e-02 5.664988003877216016e+01 2.509903287969197927e-02 6.607475140924189659e-03 9.996635801596971405e-01 -1.494505236608361542e+00
0007513 007322 -1.716575170202219378e-02 9.998224743743983067e-01 -7.717141717161204832e-03 2.282423905779614870e+01 -9.995224417188781629e-01 -1.696127863702807589e-02 2.582292073581156019e-02 5.652027282547587106e+01 2.568744910076315585e-02 8.156718007144023522e-03 9.996371924449301005e-01 -1.500343665055794418e+00
0007514 007323 -2.342643902165972986e-02 9.996780782610303895e-01 -9.703500444349425630e-03 2.245237709547382110e+01 -9.993975058645896414e-01 -2.316908169870601775e-02 2.583518704466328947e-02 5.636162985363112199e+01 2.560205349095771507e-02 1.030287100124229784e-02 9.996195672573247037e-01 -1.458276045641952123e+00
0007515 007324 -3.036831760915273751e-02 9.994714901378070060e-01 -1.156028519768811415e-02 2.218554474083703099e+01 -9.992105947901158691e-01 -3.006006630369666144e-02 2.596412186107791356e-02 5.619086114455571135e+01 2.560290423263126072e-02 1.233963526294536844e-02 9.995964776458801104e-01 -1.427236068248134870e+00
0007516 007325 -3.895129675246792461e-02 9.991403921988083470e-01 -1.420806291359809348e-02 2.197638219682175986e+01 -9.989789206217640771e-01 -3.861172409362825797e-02 2.344057678183863666e-02 5.599858450645446339e+01 2.287185210073341274e-02 1.510660399184088343e-02 9.996241181220897332e-01 -1.320206535856868868e+00
0007517 007326 -4.704352946876028119e-02 9.988070926573310304e-01 -1.305983352020867461e-02 2.179398522557585238e+01 -9.985764945660703384e-01 -4.669567260020070221e-02 2.577169315452911696e-02 5.579022355734326766e+01 2.513111503936055549e-02 1.425362188282873303e-02 9.995829904062057958e-01 -1.381611590756975261e+00
0007518 007327 -5.701847330009755105e-02 9.982877074497967795e-01 -1.302741820810264690e-02 2.168306149505133362e+01 -9.981292251353844902e-01 -5.671140150096424387e-02 2.283534286842084371e-02 5.555443374184281424e+01 2.205744621883511461e-02 1.430507117407489419e-02 9.996548041564992104e-01 -1.211566161239858275e+00
0007519 007328 -6.740502314799677597e-02 9.976496899546950514e-01 -1.228453433951236760e-02 2.165542004220878880e+01 -9.974893583256273510e-01 -6.711606197871521073e-02 2.258502160842225381e-02 5.531260716104230823e+01 2.170745442472059653e-02 1.377602406786335165e-02 9.996698960757959274e-01 -1.207808672671760064e+00
0007520 007329 -7.932925495864003029e-02 9.967962524777599365e-01 -1.016082949355875086e-02 2.167546071205015323e+01 -9.965943027848153113e-01 -7.907484779021570209e-02 2.337783133897783361e-02 5.503751881962975290e+01 2.249947670073835018e-02 1.198076023118958659e-02 9.996755116023117171e-01 -1.290851102204129575e+00
0007521 007330 -9.065156547371015783e-02 9.958478383773997633e-01 -8.283228895475633000e-03 2.171706094464116177e+01 -9.955921121130023588e-01 -9.042113525490046155e-02 2.490010598533329983e-02 5.477595922532464101e+01 2.404774208696073418e-02 1.050394119495616507e-02 9.996560743160276541e-01 -1.409210650248155616e+00
0007522 007331 -1.037740043685834307e-01 9.945780522286016279e-01 -6.688049204624733554e-03 2.181580904751172056e+01 -9.943314472428179673e-01 -1.035870684483675419e-01 2.396625430752978569e-02 5.447193917479728498e+01 2.314351834201148692e-02 9.137202930269509513e-03 9.996908435971592066e-01 -1.382974208852786546e+00
0007523 007332 -1.169447079482055368e-01 9.931233558622502011e-01 -5.391655484471277737e-03 2.192172773471338587e+01 -9.929388659262688988e-01 -1.168107219039226374e-01 2.066903404347776238e-02 5.416135271835992171e+01 1.989710602064848066e-02 7.770710776154257302e-03 9.997722815937254426e-01 -1.222634421569082974e+00
0007524 007333 -1.300132425685787685e-01 9.914987487687190182e-01 -5.091211760029420476e-03 2.207194568253999023e+01 -9.913426044637008161e-01 -1.298943648463843636e-01 1.915293262473185404e-02 5.385530216009425430e+01 1.832879817407869621e-02 7.537262625199503581e-03 9.998040501489227072e-01 -1.141792563370273683e+00
0007525 007334 -1.440651831635737512e-01 9.895502946302525693e-01 -5.888337135152243128e-03 2.227693518107662385e+01 -9.893818278596531179e-01 -1.439200698597816741e-01 2.025467394983744909e-02 5.352834931434028931e+01 1.919557445091681080e-02 8.743798376899538163e-03 9.997779602150689282e-01 -1.180146242930049993e+00
0007526 007335 -1.591233442870005621e-01 9.872353478711645147e-01 -6.732376205111129455e-03 2.249540919009541540e+01 -9.870393956079741571e-01 -1.589406304872824360e-01 2.215183620086254648e-02 5.317321569599255326e+01 2.079903438673308055e-02 1.016998535982380214e-02 9.997323968333505784e-01 -1.255886590309927442e+00
0007527 007336 -1.738237782231954465e-01 9.847538217325398913e-01 -6.667760650542707383e-03 2.274417684686250141e+01 -9.845522455176821675e-01 -1.736356343310803685e-01 2.252095008631658027e-02 5.282161897522496474e+01 2.101983550909185608e-02 1.047942548793274163e-02 9.997245830049252824e-01 -1.269128598174660283e+00
0007528 007337 -1.909328569294586331e-01 9.815804382255528537e-01 -6.605528088307548173e-03 2.308160118500836688e+01 -9.813857040205545834e-01 -1.907447087938078378e-01 2.231799319815915353e-02 5.240583577171946672e+01 2.064694486700708459e-02 1.074379947184313060e-02 9.997295474859467790e-01 -1.248925446261651473e+00
0007529 007338 -2.073901301703472699e-01 9.782351523786104730e-01 -6.673715438121675426e-03 2.343024235813481937e+01 -9.780546431024036425e-01 -2.072029870954776587e-01 2.180919120437849190e-02 5.200011532231212641e+01 1.995171016878832804e-02 1.105025929463395243e-02 9.997403236515374214e-01 -1.210449025232321674e+00
0007530 007339 -2.256498843651898456e-01 9.741884260225318615e-01 -6.185276515371949946e-03 2.383305866238424642e+01 -9.740035267381966788e-01 -2.254677074570375361e-01 2.193260418241011270e-02 5.154239050726505411e+01 1.997191563372882270e-02 1.097356073001925190e-02 9.997407650267449153e-01 -1.218846829107320673e+00
0007531 007340 -2.434445996107468535e-01 9.699032057701902909e-01 -4.658891695502761360e-03 2.425843672855717159e+01 -9.697070824005683543e-01 -2.432902964972423199e-01 2.185371426230573247e-02 5.108547316173746822e+01 2.006253146842525495e-02 9.837919797251130222e-03 9.997507708976151042e-01 -1.239764593693521988e+00
0007532 007341 -2.622363293011228391e-01 9.649886697394162161e-01 -5.419161209165456253e-03 2.474454178251926351e+01 -9.648545007462250300e-01 -2.620933791311801375e-01 1.902752503245131246e-02 5.060493976162479157e+01 1.694104987862342718e-02 1.021841440400380122e-02 9.998041273464133294e-01 -1.141676649649781439e+00
0007533 007342 -2.826871652663052181e-01 9.592060424182731193e-01 -3.307617263272294265e-03 2.525392360387013468e+01 -9.590411935185300107e-01 -2.825700408954077147e-01 1.984240632046748928e-02 5.004236429240813777e+01 1.809833037923940652e-02 8.781326408529067234e-03 9.997980959058494488e-01 -1.147407258028394494e+00
0007534 007343 -3.026648378728846178e-01 9.530921985489625436e-01 -2.919394134834076698e-03 2.574640357689531811e+01 -9.529445642787830462e-01 -3.025602302122626375e-01 1.880358648187798257e-02 4.949080491257814174e+01 1.703826521859803239e-02 8.473196611793899075e-03 9.998193818594534044e-01 -1.092512229407972768e+00
0007535 007344 -3.208666249345072385e-01 9.471191180347040550e-01 -3.039441581459859792e-03 2.618417141736790654e+01 -9.469950670694765593e-01 -3.207681691362572196e-01 1.754173310155104915e-02 4.897739688233400557e+01 1.563916182112340056e-02 8.506884368480613356e-03 9.998419592319652827e-01 -1.019139279565607126e+00
0007536 007345 -3.406389972268493715e-01 9.401840148254757557e-01 -4.279571146701794185e-03 2.665730713744551394e+01 -9.400914676949430060e-01 -3.405310594327556339e-01 1.631491793337076085e-02 4.840536444854933507e+01 1.388170697077405202e-02 9.580676839197012004e-03 9.998581913048156800e-01 -9.185610516729099118e-01
0007537 007346 -3.586654545915152204e-01 9.334535234231278178e-01 -4.786645589639149101e-03 2.708023622160817467e+01 -9.333773520853175798e-01 -3.585559400406026498e-01 1.561954381645134365e-02 4.787175164471932476e+01 1.286384443701707285e-02 1.006992719009906605e-02 9.998669971463813866e-01 -8.647905095993309033e-01
0007538 007347 -3.749728011000041383e-01 9.270217917244186756e-01 -5.026925902696496341e-03 2.745560797734106018e+01 -9.269609740098524453e-01 -3.748682062284522387e-01 1.472268178672124853e-02 4.737663153642870384e+01 1.176382001010730510e-02 1.018035957834623022e-02 9.998794260886598728e-01 -8.064446332628705250e-01
0007539 007348 -3.957508470180518545e-01 9.183444841733147124e-01 -4.896055283903589725e-03 2.793378027403468877e+01 -9.182835223199534713e-01 -3.956453883056992304e-01 1.482175884812074636e-02 4.673346777431083865e+01 1.167438607700485576e-02 1.036168031227705302e-02 9.998786117296449838e-01 -8.013597400323533293e-01
0007540 007349 -4.148226806699737423e-01 9.098875040803185987e-01 -5.116200798969945326e-03 2.836260360019741711e+01 -9.098286505446491201e-01 -4.147111270670021943e-01 1.503615473723541804e-02 4.613203586612348772e+01 1.155947118673424784e-02 1.089219351418743535e-02 9.998743084165107042e-01 -7.964541053466831499e-01
0007541 007350 -4.325198741109110845e-01 9.016109465095015763e-01 -4.850647612798556288e-03 2.876255065195482530e+01 -9.015560228283611144e-01 -4.324146742760700546e-01 1.462258165781157339e-02 4.555805543659812429e+01 1.108639741768098659e-02 1.069767808655059348e-02 9.998817656794742881e-01 -7.755568629124240942e-01
0007542 007351 -4.520633481423443900e-01 8.919732356737176682e-01 -4.666804075275483854e-03 2.921237107945444222e+01 -8.919167467446417197e-01 -4.519571334826635312e-01 1.479250692622749441e-02 4.491056212253465674e+01 1.108533273959384606e-02 1.084954058749724136e-02 9.998801411914488568e-01 -7.797534872722877708e-01
0007543 007352 -4.705775257260991773e-01 8.823501973469307647e-01 -3.767167337424839457e-03 2.965077245204020073e+01 -8.822767323038519516e-01 -4.704714736180975465e-01 1.561616956884693402e-02 4.427947846912661589e+01 1.200659484332992910e-02 1.067229316027962921e-02 9.998714105732576796e-01 -8.321786346489972175e-01
0007544 007353 -4.913812008737409309e-01 8.709406806081904096e-01 -2.475759136293043377e-03 3.016237769364852284e+01 -8.708364098209483428e-01 -4.912734348843903476e-01 1.714235482243333525e-02 4.355179332219017851e+01 1.371370822817353369e-02 1.057940265247895618e-02 9.998504409562151141e-01 -9.234556094765480339e-01
0007545 007354 -5.109666620388828573e-01 8.595992385847153194e-01 -1.231506764702030915e-03 3.065170788959949277e+01 -8.594860338350391871e-01 -5.108747469309176115e-01 1.703669684400377013e-02 4.284654621377922012e+01 1.401559434155009304e-02 9.763637964929952270e-03 9.998545536016543167e-01 -9.455918156817233466e-01
0007546 007355 -5.319470467255983381e-01 8.467769361968333630e-01 -6.948560676959037764e-04 3.116871246639948367e+01 -8.466861091593146371e-01 -5.318773569931751766e-01 1.512002947780494155e-02 4.206447024190356387e+01 1.243372210387475203e-02 8.631371422207444882e-03 9.998858914528954145e-01 -8.692671716797377712e-01
0007547 007356 -5.509244875227983229e-01 8.345547001652257046e-01 6.172175588710833189e-05 3.162578487385144399e+01 -8.344731561652208862e-01 -5.508714561963595768e-01 1.395341958116013380e-02 4.133635709476538977e+01 1.167890047725983309e-02 7.635767191330060204e-03 9.999030914737920828e-01 -8.365674387563046821e-01
0007548 007357 -5.714035704950199968e-01 8.206683630841284938e-01 8.602768571814608904e-04 3.211622599649354015e+01 -8.205908483247947860e-01 -5.713631956158941039e-01 1.320025532907218198e-02 4.052752230981514003e+01 1.132457076665282017e-02 6.836730255762826780e-03 9.999129498255409088e-01 -8.231030349852801464e-01
0007549 007358 -5.904715309344409357e-01 8.070579257954781927e-01 4.793739989967535993e-04 3.257544150723924758e+01 -8.069673815498535907e-01 -5.904137404801828026e-01 1.465406060441613346e-02 3.975478442326402728e+01 1.210971272862550012e-02 8.265957964511653697e-03 9.998929556524123186e-01 -8.618943030932797456e-01
0007550 007359 -6.105912693598519736e-01 7.919453870906110193e-01 -3.886712487624946455e-04 3.304542301744731958e+01 -7.918668774655340803e-01 -6.105234114993689509e-01 1.440362787306570698e-02 3.891293732621352319e+01 1.116960285893917743e-02 9.102496844775331136e-03 9.998966338753848548e-01 -8.166816504084977169e-01
0007551 007360 -6.287218942144923162e-01 7.776291112854513132e-01 -1.053110530656707925e-03 3.345760538420199737e+01 -7.775757918296815063e-01 -6.286613779262755219e-01 1.265746952279404522e-02 3.812522605916410612e+01 9.180775984687531560e-03 8.776892950850512590e-03 9.999197835075076535e-01 -7.199655794687060961e-01
0007552 007361 -6.481412837608694355e-01 7.615184005649324739e-01 -1.404781854699494468e-03 3.389414880579579403e+01 -7.614810569656031980e-01 -6.480883995495627659e-01 1.129001572351391418e-02 3.725605261244754729e+01 7.687141522004679699e-03 8.387231938541272677e-03 9.999357260067244235e-01 -6.497297200436236153e-01
0007553 007362 -6.655647123445196378e-01 7.463364176547961915e-01 -2.224678444282112300e-03 3.427227713831598521e+01 -7.463145505583725914e-01 -6.655144547021112356e-01 1.022415468186424307e-02 3.644897687677303111e+01 6.150113181937367536e-03 8.465138192988330701e-03 9.999457042702505349e-01 -5.757474408042639880e-01
0007554 007363 -6.839818756540543276e-01 7.294944027075744852e-01 -2.470670795358168546e-03 3.466078801626235872e+01 -7.294787568429348390e-01 -6.839340035321976874e-01 9.718150351578545842e-03 3.556846837334751399e+01 5.399570582879415111e-03 8.449332338665092867e-03 9.999501724370806199e-01 -5.411443516313312330e-01
0007555 007364 -7.007101809661545611e-01 7.134408811650925220e-01 -2.599521746598325300e-03 3.500653101574425818e+01 -7.134313864895412971e-01 -7.006681232364687650e-01 8.902286370199208668e-03 3.474397787527141190e+01 4.529863148679652216e-03 8.092494962159482719e-03 9.999574420032494304e-01 -5.026438852116115186e-01
0007556 007365 -7.184401034022612764e-01 6.955814414269724244e-01 -3.112986983090310425e-03 3.536252532611206334e+01 -6.955775048974452979e-01 -7.183961206951618994e-01 8.851465514447666091e-03 3.383883592129177487e+01 3.920567796394451056e-03 8.524563276004492457e-03 9.999564264909462930e-01 -4.759270018300867378e-01
0007557 007366 -7.343513921096195274e-01 6.787605025053580210e-01 -3.411441950982162241e-03 3.567064340942442868e+01 -6.787606429977578459e-01 -7.343074211264636331e-01 8.717311939696076317e-03 3.299975367828756134e+01 3.411930416710583225e-03 8.717114299844046926e-03 9.999566313333140277e-01 -4.547478235558628512e-01
0007558 007367 -7.512159883394377013e-01 6.600459473530025933e-01 -3.650263906440190647e-03 3.598817610282094392e+01 -6.600497126401209114e-01 -7.511725012110878064e-01 8.580978465252932924e-03 3.207720983835906736e+01 2.921872622150333259e-03 8.855515105336572365e-03 9.999569672923563912e-01 -4.332852657169468102e-01
0007559 007368 -7.664513562362339494e-01 6.422899977259916016e-01 -3.914443776391166724e-03 3.626773958193189173e+01 -6.422985243703791536e-01 -7.664125156759421520e-01 7.989504548250078719e-03 3.121370825576923380e+01 2.131510976175815617e-03 8.637799726563802002e-03 9.999608687097532034e-01 -3.978229221741287347e-01
0007560 007369 -7.823320896379836187e-01 6.228443759965317517e-01 -4.565366008210654768e-03 3.654219095699818354e+01 -6.228604283163955424e-01 -7.822980684667633078e-01 7.347181477087925093e-03 3.028188824945073065e+01 1.004684569046636246e-03 8.591513113063737467e-03 9.999630345236333318e-01 -3.474990062250498113e-01
0007561 007370 -7.965802256014344884e-01 6.045126793549615574e-01 -4.881635955382667563e-03 3.677816152046534626e+01 -6.045323561002200474e-01 -7.965479895679070665e-01 7.161138848088044288e-03 2.941642421810774977e+01 4.405531517968685811e-04 8.655520172471614995e-03 9.999628901628583311e-01 -3.252946963736604857e-01
0007562 007371 -8.113744597854308793e-01 5.845027985391837433e-01 -5.238424831347342735e-03 3.700492565354215913e+01 -5.845263879685921315e-01 -8.113403169923494307e-01 7.425208988865957850e-03 2.848415274240096551e+01 8.992137960320783054e-05 9.086613720479367468e-03 9.999591587674810933e-01 -3.136777797365795095e-01
0007563 007372 -8.244296231883085913e-01 5.659333833661046587e-01 -5.889617930584420923e-03 3.718579381951121832e+01 -5.659633320466229689e-01 -8.244012893029628586e-01 6.881415267727518208e-03 2.762545638261144632e+01 -9.609745261136369955e-04 9.006541695160004066e-03 9.999594254472218280e-01 -2.672246519853587188e-01
0007564 007373 -8.379144600839518731e-01 5.457682202012070771e-01 -5.991864158663982518e-03 3.735309698870833017e+01 -5.457995244217800357e-01 -8.378885871816179609e-01 6.702093701775878841e-03 2.670332671147116343e+01 -1.362713273621563546e-03 8.886129243788730078e-03 9.999600359459448473e-01 -2.506168940414283952e-01
0007565 007374 -8.495076579238470815e-01 5.275444554192714186e-01 -5.752394298939028996e-03 3.746836675713075238e+01 -5.275735893908785057e-01 -8.494856779147205161e-01 6.285383764004144093e-03 2.588064027302198156e+01 -1.570745618071126958e-03 8.374284657141435953e-03 9.999641483121122221e-01 -2.431290667888106327e-01
0007566 007375 -8.612217852639895144e-01 5.082007446045923027e-01 -5.343372971474754686e-03 3.755501605915333130e+01 -5.082274530358844578e-01 -8.611969264776334620e-01 6.634502824517865029e-03 2.501907253092394967e+01 -1.230025586184717561e-03 8.429418877115169711e-03 9.999641622561593612e-01 -2.631097218884832500e-01
0007567 007376 -8.714528507477815600e-01 4.904584612373280028e-01 -4.466101194032769117e-03 3.760804536445220947e+01 -4.904788202229287686e-01 -8.714215276849516245e-01 7.372068498532234442e-03 2.423534433434406310e+01 -2.761520527904360255e-04 8.614929718545848158e-03 9.999632996260808815e-01 -3.087160661370234038e-01
0007574 007383 -9.325486626834780246e-01 3.610207301800604784e-01 4.072915857616876689e-03 3.722610100510860320e+01 -3.609820676551430130e-01 -9.325383059674915431e-01 7.969105711667574463e-03 1.875352325606127124e+01 6.675172027794810774e-03 5.961322488538129891e-03 9.999603985830266550e-01 -6.081849564165793254e-01
0007575 007384 -9.380979105007867247e-01 3.463454074410248218e-01 4.091179406723682854e-03 3.701231028842767046e+01 -3.463083098235021917e-01 -9.380884407519817225e-01 7.738164626180266993e-03 1.815874525703702602e+01 6.517975536156791344e-03 5.842339911198079876e-03 9.999621378246322800e-01 -6.035885077299099066e-01
0007576 007385 -9.430999861054868427e-01 3.324877586355510783e-01 3.725265009618813732e-03 3.672324527058276544e+01 -3.324607096415284624e-01 -9.430948313808255046e-01 6.423183460461231488e-03 1.759942980551477376e+01 5.648917868039790915e-03 4.819193808123276891e-03 9.999728791967932295e-01 -5.662778610872436502e-01
0007577 007386 -9.470314841580129706e-01 3.211141088551773271e-01 4.084007228906220109e-03 3.641947361323559562e+01 -3.210892929958509834e-01 -9.470310573099531837e-01 5.752285367855674084e-03 1.714635341214489017e+01 5.714831648249113320e-03 4.136259188775285971e-03 9.999755627795061663e-01 -5.684160533961417627e-01
0007578 007387 -9.506701417651635122e-01 3.101604243612655631e-01 5.135584020006665057e-03 3.605414507204795882e+01 -3.101346881242239006e-01 -9.506777466092842799e-01 5.247608996342929995e-03 1.671313563577223249e+01 6.509895788531091035e-03 3.396017512403994541e-03 9.999734908561723756e-01 -5.971436711260693642e-01
