0008688 008477 2.076484440275341292e-01 9.780989269772013550e-01 -1.428484467151592413e-02 4.316208593443388963e+01 -9.778595924170796483e-01 2.079404515402724640e-01 2.348229144900846818e-02 7.822554199915759909e+01 2.593840182391050561e-02 9.092509012125179688e-03 9.996221012778054860e-01 -1.047800449586986815e+00
0008689 008478 2.000408743316391402e-01 9.797053909370113667e-01 -1.265639824397334946e-02 4.319071242763311602e+01 -9.794519138272518299e-01 2.002936443493350260e-01 2.357927146548921549e-02 7.787617911034874396e+01 2.563574148845775350e-02 7.679507524328661565e-03 9.996422997986664782e-01 -1.070226683376347410e+00
0008690 008479 1.922537569935530433e-01 9.812657376413355115e-01 -1.247933941545847393e-02 4.323911712301651278e+01 -9.810183258635710724e-01 1.925023714608303238e-01 2.337019419052023886e-02 7.752339307703414306e+01 2.533466599473443992e-02 7.749451289368201358e-03 9.996488986207662242e-01 -1.095029976821237483e+00
0008691 008480 1.841193823728651813e-01 9.828475886065813905e-01 -1.048460167337031401e-02 4.325733388326443674e+01 -9.825904090397212798e-01 1.843194917927900300e-01 2.328224987313642219e-02 7.715068789323254350e+01 2.481542366051323056e-02 6.015348870477243461e-03 9.996743990115455336e-01 -1.119384353040757674e+00
0008692 008481 1.767050762990891033e-01 9.842146134955843673e-01 -9.805720510575847634e-03 4.326643986083581694e+01 -9.839697857619905674e-01 1.768869457299125370e-01 2.267392415388619006e-02 7.681251722485194477e+01 2.405051611470279335e-02 5.641928722790879279e-03 9.996952711032187633e-01 -1.094619526275067756e+00
0008693 008482 1.685752188010901376e-01 9.856442467394502804e-01 -9.320890921347359595e-03 4.328170092927121004e+01 -9.853961490358282838e-01 1.687479497184704857e-01 2.276009618272373594e-02 7.644308909726441925e+01 2.400624886208009914e-02 5.347975369796402305e-03 9.996979508450336560e-01 -1.115115991461038902e+00
0008694 008483 1.607361530050436804e-01 9.869476991681657152e-01 -9.882270418798487499e-03 4.332302913128478394e+01 -9.866797479001333526e-01 1.609303400746404655e-01 2.376219684350921665e-02 7.609105467127028533e+01 2.504239980677159735e-02 5.931190591971795614e-03 9.996687046199613791e-01 -1.202413675235320056e+00
0008695 008484 1.525441573446466026e-01 9.882446558887434396e-01 -1.012276807094174627e-02 4.333691222265952092e+01 -9.879661094023335366e-01 1.527500167928905750e-01 2.430437931229333104e-02 7.572116084732033414e+01 2.556491855390463641e-02 6.293459469447866377e-03 9.996532634467583112e-01 -1.224522384464691527e+00
0008696 008485 1.450227436214894805e-01 9.893797065210809816e-01 -9.764462864023047348e-03 4.334122986207057693e+01 -9.890816618311456532e-01 1.452260077591174814e-01 2.502842896156417737e-02 7.538028241934728158e+01 2.618068062208503757e-02 6.028152808530736449e-03 9.996394985099172903e-01 -1.245412592084193193e+00
0008697 008486 1.372719730368506807e-01 9.904726191313958372e-01 -1.094543175148987579e-02 4.336893426566803100e+01 -9.901846508916120060e-01 1.375084223304319508e-01 2.501632437301841774e-02 7.503240680025578513e+01 2.628307484887750303e-02 7.403956408747223300e-03 9.996270310383680302e-01 -1.227405795262043853e+00
0008698 008487 1.288459858117890766e-01 9.916106556843254927e-01 -1.030969081379619345e-02 4.339132123862418666e+01 -9.912741452343533100e-01 1.290799454206386643e-01 2.671358229440739390e-02 7.465118548750001537e+01 2.782024974111137541e-02 6.777785051637588883e-03 9.995904105664057404e-01 -1.332549953809404997e+00
0008699 008488 1.203905040365257501e-01 9.926763803975575673e-01 -9.943379720176930697e-03 4.341793232694999460e+01 -9.923109839222407080e-01 1.206237958239184255e-01 2.771934154348583076e-02 7.427000087541762241e+01 2.871575035896775999e-02 6.529772052097659180e-03 9.995667367750277199e-01 -1.413959658251926044e+00
0008700 008489 1.125760865957339679e-01 9.935908775612967148e-01 -1.016623903339106648e-02 4.344504445609891263e+01 -9.932277707937903211e-01 1.128189184589366428e-01 2.776101385604667557e-02 7.391794059531036964e+01 2.873003177439798633e-02 6.972163078135268192e-03 9.995628014246054072e-01 -1.437197646317287081e+00
0008701 008490 1.045930675321902620e-01 9.944774276982031314e-01 -8.608123887141489253e-03 4.347055419123535103e+01 -9.941030564436709183e-01 1.047948877060109890e-01 2.786973006599365033e-02 7.355488338291854689e+01 2.861791055680666662e-02 5.642375013692253749e-03 9.995749458346199212e-01 -1.462412044253028398e+00
0008702 008491 9.617973730494686069e-02 9.953220261480834052e-01 -9.113607432915537751e-03 4.348258838933452353e+01 -9.949660479305030281e-01 9.639612224752701353e-02 2.739558778307973202e-02 7.317501196816408537e+01 2.814594638175854299e-02 6.432828024520055067e-03 9.995830351726496810e-01 -1.435083292618003270e+00
0008703 008492 8.763935359574089035e-02 9.961165975703418773e-01 -8.379180689646058972e-03 4.348847630578711687e+01 -9.957350483975029309e-01 8.784291029867970224e-02 2.819389246372254118e-02 7.278717181660721280e+01 2.882046216404153191e-02 5.872542434949635029e-03 9.995678004657041482e-01 -1.476777070764171640e+00
0008704 008493 7.990614971616782913e-02 9.967663936981860928e-01 -8.417306334847600435e-03 4.348036456157569773e+01 -9.963737386062150314e-01 8.011648891775405290e-02 2.863958583188590257e-02 7.243768055764206792e+01 2.922134976465864259e-02 6.098296566123424627e-03 9.995548093947401735e-01 -1.498746576469514480e+00
0008705 008494 7.173328996419565950e-02 9.973895128741048222e-01 -8.227445795923981134e-03 4.345040721861369093e+01 -9.969740455334564766e-01 7.194614555265621547e-02 2.942990232396133082e-02 7.206697996867973188e+01 2.994501324970848602e-02 6.091439367161138874e-03 9.995334331635987724e-01 -1.555451225998623954e+00
0008706 008495 6.436432171333247854e-02 9.978916501854240284e-01 -8.289830042489985257e-03 4.340354001618743496e+01 -9.974917696180547466e-01 6.457917887443191673e-02 2.897155585485248347e-02 7.173313322149186888e+01 2.944582727816017279e-02 6.404295848367365894e-03 9.995463079508410953e-01 -1.511739484124660748e+00
0008707 008496 5.762959920356281601e-02 9.983040801257251351e-01 -8.185618358954104695e-03 4.330534233438629599e+01 -9.979091840511657985e-01 5.784315550393590716e-02 2.882812896747034143e-02 7.142674852241776762e+01 2.925272468837191581e-02 6.507143193388286243e-03 9.995513136790528108e-01 -1.499047466466308265e+00
0008708 008497 5.037678225958967804e-02 9.986989324767648890e-01 -7.857797478114811329e-03 4.314178496761996939e+01 -9.983085130972758625e-01 5.058251981269057396e-02 2.865422720225837411e-02 7.109665079926111275e+01 2.901442022514550897e-02 6.400990963822367034e-03 9.995589448491017937e-01 -1.493706848587052605e+00
0008709 008498 4.495030492133900851e-02 9.989575315673800970e-01 -7.907919587542586864e-03 4.293959329830704519e+01 -9.985643333967670898e-01 4.516057758842079856e-02 2.879982969315077884e-02 7.084977376313202058e+01 2.912693680954711248e-02 6.601998256133485496e-03 9.995543650384505208e-01 -1.497945220594033344e+00
0008710 008499 4.013613983981521166e-02 9.991627305344664700e-01 -7.881076837156381423e-03 4.268978924973725952e+01 -9.987636973514042449e-01 4.034905883860436665e-02 2.902817156412266716e-02 7.062970786194310335e+01 2.932186602608410908e-02 6.706247392141625845e-03 9.995479717837378875e-01 -1.512416050190125816e+00
0008711 008500 3.560599344452752835e-02 9.993347899221629582e-01 -7.832589512618299415e-03 4.236654947187525977e+01 -9.989304149858143633e-01 3.582068203736758771e-02 2.923157335733198026e-02 7.042211831136731348e+01 2.949270254184199400e-02 6.783385206640074258e-03 9.995424251351137102e-01 -1.526326895149168195e+00
0008712 008501 3.199853715317311359e-02 9.994506374098420798e-01 -8.606641212895832851e-03 4.202850091528034682e+01 -9.990538854793354906e-01 3.223721492763366447e-02 2.919410151142419474e-02 7.025751787832010109e+01 2.945551517330978822e-02 7.664328121239293544e-03 9.995366178733109397e-01 -1.524573723762472355e+00
0008713 008502 2.907574074458434826e-02 9.995405544011987109e-01 -8.532205668535734755e-03 4.158632041561941151e+01 -9.991558339004737999e-01 2.931025943115724702e-02 2.878694212972176050e-02 7.011970984165773757e+01 2.902379610043622632e-02 7.687999544827579801e-03 9.995490651730616349e-01 -1.499954717726552644e+00
0008714 008503 2.685394422674265355e-02 9.996003248889313575e-01 -8.805487498345442032e-03 4.114241386558478553e+01 -9.992245457638702089e-01 2.709550760578854911e-02 2.857033167326280751e-02 7.001435298940330654e+01 2.879750197384331467e-02 8.031431083623129588e-03 9.995529099322789657e-01 -1.474869519306793109e+00
0008715 008504 2.489774917853609937e-02 9.996527842722081614e-01 -8.573907551332042923e-03 4.062428619828187948e+01 -9.992668008665545054e-01 2.513575457588797593e-02 2.887170702599243730e-02 6.991843313464877951e+01 2.907720176955360877e-02 7.848772242841556279e-03 9.995468005812818690e-01 -1.475289062246972094e+00
0008716 008505 2.366610105563595953e-02 9.996808404230542733e-01 -8.789058614611162945e-03 4.011010003821229475e+01 -9.992968500372764185e-01 2.391084260890665586e-02 2.887237060405100850e-02 6.985539481899567704e+01 2.907331680026493254e-02 8.099573655123896640e-03 9.995449127437736614e-01 -1.471010994635449265e+00
0008717 008506 2.258327632984242703e-02 9.996978216902996373e-01 -9.681128516904592696e-03 3.954038706973642547e+01 -9.993187865467875186e-01 2.285531994321271868e-02 2.897763933634387584e-02 6.979701472258781791e+01 2.919014903314465920e-02 9.020121212457335447e-03 9.995330871760234048e-01 -1.479613799297666787e+00
0008718 008507 2.183802910573052342e-02 9.997164530388966686e-01 -9.465021452530425136e-03 3.899366109808761394e+01 -9.993517119035935092e-01 2.209915307409638513e-02 2.842356558539671160e-02 6.975189479644870971e+01 2.862467535954828224e-02 8.838168488991970592e-03 9.995510664756582786e-01 -1.454170250108646201e+00
0008719 008508 2.153640763493377269e-02 9.997326310755543233e-01 -8.362879086598547923e-03 3.836259873035123746e+01 -9.993705840951633279e-01 2.176287087523422203e-02 2.800577542343626186e-02 6.972195943183180589e+01 2.818029615129726342e-02 7.754463248101716756e-03 9.995732252803003481e-01 -1.442209416004985201e+00
0008720 008509 2.154293197519431893e-02 9.997307834171141883e-01 -8.587967817513796412e-03 3.776958707748326560e+01 -9.993876283562114216e-01 2.177086097586562741e-02 2.739582904774654284e-02 6.970724454015854121e+01 2.757542021020030834e-02 7.992520335681530669e-03 9.995876827921491570e-01 -1.426883453969793436e+00
0008721 008510 2.183183373490325818e-02 9.997304068368212393e-01 -7.858491518243911761e-03 3.709808862586942269e+01 -9.993839672679055708e-01 2.203890791384817763e-02 2.730688235301745662e-02 6.970050979354115839e+01 2.747271547723197441e-02 7.257483779594870767e-03 9.995966548569686916e-01 -1.423887966174234521e+00
0008722 008511 2.267505907237962748e-02 9.997013601575408526e-01 -9.091102897636885172e-03 3.644606666396794026e+01 -9.993921135959783486e-01 2.290706551798486409e-02 2.628552157984011609e-02 6.971766627019025009e+01 2.648591665847550153e-02 8.489548955679096162e-03 9.996130469203288182e-01 -1.344157060868965914e+00
0008723 008512 2.533869349986233796e-02 9.996438620940496511e-01 -8.322118370057860967e-03 3.561123559224233759e+01 -9.993527601340881361e-01 2.554211801544593180e-02 2.532273586298749990e-02 6.979560461387953296e+01 2.552628853027614705e-02 7.675079010613167045e-03 9.996451347264923015e-01 -1.286896326981633365e+00
0008724 008513 2.830746168169336399e-02 9.995649221565654496e-01 -8.238331554686393818e-03 3.481011852814390295e+01 -9.992806200665644845e-01 2.850549860179373701e-02 2.500633393239642260e-02 6.988548924147309549e+01 2.523029667628666831e-02 7.524531493124871767e-03 9.996537936739521291e-01 -1.278197382247824976e+00
0008725 008514 3.157803415228852689e-02 9.994685641374466689e-01 -8.040141727643662986e-03 3.394066487197233073e+01 -9.991707213652444297e-01 3.177338332951524374e-02 2.545525664788452630e-02 6.998238390820088739e+01 2.569719555924136409e-02 7.229639736679447856e-03 9.996440767050379650e-01 -1.327884193017723646e+00
0008726 008515 3.532474548210720600e-02 9.993458876315757244e-01 -7.684509841055918444e-03 3.308822501003214711e+01 -9.990590997401147533e-01 3.550602296392824098e-02 2.489480657788546367e-02 7.009352732443818468e+01 2.515137762181604217e-02 6.797869342926638261e-03 9.996609879545058641e-01 -1.311175116913346983e+00
0008727 008516 3.935093332908947555e-02 9.991896013058673143e-01 -8.440572569689601401e-03 3.222043682831827027e+01 -9.989255664904942433e-01 3.954468013280051236e-02 2.416963267458636933e-02 7.021062882017091056e+01 2.448381976461208587e-02 7.480404432495466049e-03 9.996721492235722817e-01 -1.273128666215626481e+00
0008728 008517 4.364531756461365736e-02 9.990149843047830824e-01 -7.960410914076366043e-03 3.127743451798323804e+01 -9.987496125724391050e-01 4.382530793951982390e-02 2.404569223196884389e-02 7.033009779431137076e+01 2.437087909516358689e-02 6.900968116840548901e-03 9.996796139745545151e-01 -1.265164135707607329e+00
0008729 008518 4.813962478594858291e-02 9.988072578527613654e-01 -8.109306099998330949e-03 3.037466822929036425e+01 -9.985453572195546190e-01 4.832112269865466297e-02 2.391195886133081622e-02 7.045460198561656284e+01 2.427529672551611770e-02 6.946389807311001766e-03 9.996816249859546977e-01 -1.263645155704764989e+00
0008730 008519 5.336415064006081593e-02 9.985402876366996638e-01 -8.300480822075703355e-03 2.937274640895520861e+01 -9.982856563307450637e-01 5.354692180698730070e-02 2.362693593091066621e-02 7.059624592344118810e+01 2.403691386330291183e-02 7.025412206341581818e-03 9.996868330042919526e-01 -1.252030523062018119e+00
0008731 008520 5.860713935356688664e-02 9.982436236948568631e-01 -8.604660551221613579e-03 2.841927561877855624e+01 -9.980027646295055455e-01 5.879208219107326383e-02 2.309895117354485855e-02 7.073483467282494530e+01 2.356427324116833547e-02 7.233704010915689014e-03 9.996966001111167177e-01 -1.218596976588358416e+00
0008732 008521 6.467692271444439034e-02 9.978697857061867849e-01 -8.483933749283254291e-03 2.736026267771921994e+01 -9.976534180875190616e-01 6.484949306310737460e-02 2.195017374110447630e-02 7.088918480967566893e+01 2.245360017444702344e-02 7.044348385827938798e-03 9.997235151600878389e-01 -1.154280957413760689e+00
0008733 008522 7.163818436658833666e-02 9.973922182421134375e-01 -8.719216044041621164e-03 2.623800840909370891e+01 -9.971898610244414041e-01 7.181017314411816677e-02 2.133985213528961575e-02 7.106181042629640388e+01 2.191033418886041001e-02 7.165957924071834385e-03 9.997347048575685458e-01 -1.119685480452105253e+00
0008734 008523 7.863431613882540527e-02 9.968622565320888196e-01 -9.030871275208405755e-03 2.516233233124239632e+01 -9.966686910972244462e-01 7.880911527748771239e-02 2.098407575661061925e-02 7.122980166367517540e+01 2.162995209955620099e-02 7.350710443323518403e-03 9.997394690737114731e-01 -1.100807571531063900e+00
0008735 008524 8.721072695813344988e-02 9.961468762627105900e-01 -9.215891787403633975e-03 2.392671546918245440e+01 -9.959533906129891534e-01 8.738778583070556938e-02 2.097324863982170939e-02 7.142827114746023653e+01 2.169779735974999846e-02 7.349498704073064922e-03 9.997380078045460250e-01 -1.111812643240156717e+00
0008736 008525 9.648309628877260735e-02 9.952896017620318503e-01 -9.422807949750207357e-03 2.268901142947470362e+01 -9.951254005911311928e-01 9.665249509367120073e-02 1.957843912292450000e-02 7.163320751217895577e+01 2.039696217123707078e-02 7.487879476868514531e-03 9.997643669456999227e-01 -1.024351591824057550e+00
0008737 008526 1.075659840637276515e-01 9.941480591043687642e-01 -9.914198442374932627e-03 2.127290115387768310e+01 -9.940138004989227394e-01 1.077325118619459621e-01 1.815980400718625321e-02 7.186426809495162615e+01 1.912162522762848871e-02 7.901465320102385448e-03 9.997863892490144178e-01 -9.309699135461215747e-01
0008738 008527 1.183145428184059489e-01 9.929066234489762888e-01 -1.173412045519751749e-02 1.993004778534668731e+01 -9.928010118483687751e-01 1.185073783686257515e-01 1.738853308904216369e-02 7.207778672343738435e+01 1.865576230798220159e-02 9.592327918300381367e-03 9.997798605946583983e-01 -8.777893847947950690e-01
0008739 008528 1.296130291676901580e-01 9.914960007826896238e-01 -1.163544172404816675e-02 1.853895736752838275e+01 -9.913771521683032439e-01 1.298076782351507141e-01 1.791528005628497192e-02 7.228512947730916949e+01 1.927330383127057178e-02 9.213048342243753894e-03 9.997722507151413085e-01 -9.161692526978271189e-01
0008740 008529 1.425049371803778775e-01 9.897098715078036513e-01 -1.289358697418634472e-02 1.699139812790144788e+01 -9.895890220448920749e-01 1.427284730022955195e-01 1.850132912457639472e-02 7.250822843717378419e+01 2.015122510604405726e-02 1.012281914788033636e-02 9.997456058925551226e-01 -9.797822014714796524e-01
0008741 008530 1.550316010509951437e-01 9.878297162920868235e-01 -1.252651152527501678e-02 1.550766952846788627e+01 -9.877047768796324290e-01 1.552450325515652152e-01 1.838245716231179730e-02 7.270286339418828447e+01 2.010342107507858203e-02 9.522624234319264011e-03 9.997530024243899138e-01 -9.790534309652656475e-01
0008742 008531 1.694705991981790560e-01 9.854400985631615040e-01 -1.367950558481716844e-02 1.384178974240057869e+01 -9.853380144371370886e-01 1.696980448255444862e-01 1.765723595477465546e-02 7.290675252197604550e+01 1.972152665684414469e-02 1.048655188330037923e-02 9.997504255914121396e-01 -9.531087898225223398e-01
0008743 008532 1.851927239109867063e-01 9.826160418644809269e-01 -1.298515228855832981e-02 1.207073983705413411e+01 -9.825106043439483239e-01 1.854012525341788842e-01 1.728947890252514538e-02 7.310030556975925720e+01 1.939638851596529531e-02 9.556154895265242880e-03 9.997666496737288577e-01 -9.405924314948634901e-01
0008744 008533 2.007935826132160040e-01 9.795469973460964042e-01 -1.298864409928876529e-02 1.035521357176548918e+01 -9.794428097126030019e-01 2.009983124705065904e-01 1.705687002732814844e-02 7.326878278814217538e+01 1.931871174985612047e-02 9.296715679095419321e-03 9.997705998026923391e-01 -9.469161829026262467e-01
0008745 008534 2.189715121751966143e-01 9.756362294687938030e-01 -1.358761404716616640e-02 8.395297783423302462e+00 -9.755377750714764318e-01 2.191840213099719992e-01 1.685214022286812829e-02 7.343331977053253468e+01 1.941975365050343030e-02 9.565083142777435973e-03 9.997661107122799429e-01 -9.536512946940689517e-01
0008746 008535 2.369540129045060450e-01 9.714141721008111574e-01 -1.437200009397654639e-02 6.489943132124608383e+00 -9.713219673186919145e-01 2.371787654146775282e-01 1.671814112691940440e-02 7.356210182176801027e+01 1.964897814728705158e-02 9.998399260580898701e-03 9.997573922854260386e-01 -9.653779426194546431e-01
0008747 008536 2.563615565963662801e-01 9.664683011830468295e-01 -1.473079632542877333e-02 4.471499764082182082e+00 -9.663971720544336508e-01 2.565800635159906085e-01 1.558091279757009909e-02 7.366162566776574749e+01 1.883809389212030144e-02 1.024144333842740007e-02 9.997705400858696301e-01 -9.086085872633731242e-01
0008748 008537 2.784425330712551050e-01 9.603332130185711080e-01 -1.513605019541787618e-02 2.196276249163929606e+00 -9.602668881318431326e-01 2.786640057493054989e-01 1.527928337751368638e-02 7.372818651350644359e+01 1.889108263382484332e-02 1.028023592225392122e-02 9.997691421072563145e-01 -9.173177919939234926e-01
0008749 008538 2.996956522805413470e-01 9.539078558312537037e-01 -1.554253817420258449e-02 2.021159984997211723e-02 -9.538461196658357677e-01 2.999204724087908835e-01 1.499628425746542953e-02 7.374487994016681114e+01 1.896660504488269228e-02 1.033085885759735256e-02 9.997671904052057856e-01 -9.269464473479018807e-01
0008750 008539 3.235863329446272973e-01 9.460620269349000466e-01 -1.605223668719529123e-02 -2.414644021010190045e+00 -9.460031200780275595e-01 3.238175762114093303e-01 1.482416848418420009e-02 7.370659528516898717e+01 1.922258865787827148e-02 1.038855849595016895e-02 9.997617034461946384e-01 -9.495663487047067974e-01
0008751 008540 3.461103511355050899e-01 9.380501209008109686e-01 -1.639524273491410611e-02 -4.709436615662525583e+00 -9.380049672280142969e-01 3.463382529083838812e-01 1.400091471563184170e-02 7.361398366222465484e+01 1.881186739333706726e-02 1.053294809326270863e-02 9.997680052896713576e-01 -9.222529619114823163e-01
0008752 008541 3.701033625115556225e-01 9.288057183046459775e-01 -1.851670197848532054e-02 -7.173851930807359167e+00 -9.288222201661704425e-01 3.703421080830099910e-01 1.165772054734815280e-02 7.345375289079129288e+01 1.768527100099277424e-02 1.288416114354611931e-02 9.997604960258569262e-01 -8.144304188445943282e-01
0008753 008542 3.937997953912140137e-01 9.189996203526960006e-01 -1.899408371820200322e-02 -9.633945004233737563e+00 -9.190211590508877704e-01 3.940438135289393018e-01 1.136792439796122621e-02 7.322586519490528190e+01 1.793162370038105594e-02 1.297926656099753287e-02 9.997554146850378132e-01 -8.211983863449603405e-01
0008754 008543 4.155394171645969137e-01 9.093640181039573944e-01 -1.958162794707666438e-02 -1.190054720519674447e+01 -9.094074694935126990e-01 4.157796901464857475e-01 1.024425744711153149e-02 7.296137720641445412e+01 1.745740671993878737e-02 1.355077354952622520e-02 9.997562248621640890e-01 -7.827752478165734829e-01
0008755 008544 4.373093485753842824e-01 8.990990596113428435e-01 -1.951670373056924035e-02 -1.417827086812849302e+01 -8.991530442364578102e-01 4.375362412183630423e-01 9.251399800652869085e-03 7.263917428206104887e+01 1.685719141654686698e-02 1.350276669174652402e-02 9.997671749397087915e-01 -7.477027393938726618e-01
0008756 008545 4.605873555462826618e-01 8.874238056817652653e-01 -1.837172492229348711e-02 -1.663015319191299568e+01 -8.874763751281202762e-01 4.607817731141116147e-01 8.082548027028116019e-03 7.222914143034199697e+01 1.563801024271291654e-02 1.258174168224860355e-02 9.997990028688590325e-01 -6.834406538331023739e-01
0008757 008546 4.825160238662322132e-01 8.757187328092997936e-01 -1.715720760944655990e-02 -1.894025193831066645e+01 -8.757652270244924431e-01 4.826828764923779547e-01 7.219122316657173265e-03 7.177858020943904194e+01 1.460341654712022687e-02 1.154233257240683611e-02 9.998271893647746600e-01 -6.317104046003549911e-01
0008758 008547 5.067123136873115108e-01 8.619754230368106285e-01 -1.550238711050058033e-02 -2.149152394447810366e+01 -8.620100186500450068e-01 5.068491966355325173e-01 6.492157269467959367e-03 7.120688067714127101e+01 1.345346011443950690e-02 1.007354742402657120e-02 9.998592010528083440e-01 -5.786257810817545533e-01
0008759 008548 5.291877952112162831e-01 8.483771286723801319e-01 -1.468891599485226164e-02 -2.387336549296742305e+01 -8.484146218679375906e-01 5.293042700386021426e-01 5.389301841723552824e-03 7.060115145546660642e+01 1.234707646943547683e-02 9.610329814853749500e-03 9.998780351415551548e-01 -5.094037054859370528e-01
0008760 008549 5.535527107591192708e-01 8.326853871405606178e-01 -1.462162859843185204e-02 -2.646986770832381808e+01 -8.327205397548286259e-01 5.536681288202240925e-01 5.255402815460608924e-03 6.986278778011137547e+01 1.247163464444157183e-02 9.266578927535398455e-03 9.998797341495064828e-01 -5.282593143253251355e-01
0008761 008550 5.759227457226683278e-01 8.173635333687561122e-01 -1.513242351913262999e-02 -2.887061967352246938e+01 -8.173918843793762656e-01 5.760513813792085269e-01 5.882251604632008322e-03 6.910741202366989455e+01 1.352500391881427191e-02 8.981390229853196058e-03 9.998686427700962387e-01 -6.153249139913867793e-01
0008762 008551 6.002467617891792395e-01 7.996617759301867245e-01 -1.562485848488051610e-02 -3.149332225861053303e+01 -7.996991454851664072e-01 6.003773641879043277e-01 5.261444744110428326e-03 6.819109479614280644e+01 1.358819753537046648e-02 9.337012410673851265e-03 9.998645283138466455e-01 -6.213893167112161109e-01
0008763 008552 6.236697278123320975e-01 7.815072003278576984e-01 -1.678999322531908589e-02 -3.405596747969411808e+01 -7.815610239574096729e-01 6.238113451655138419e-01 4.604676613733660502e-03 6.721209417407408182e+01 1.407238467412183676e-02 1.025059750994423806e-02 9.998488821304635232e-01 -6.495097247425434261e-01
0008764 008553 6.448344933446502614e-01 7.641390598755913866e-01 -1.672556365447462612e-02 -3.638960444513168113e+01 -7.642131914201961695e-01 6.449576084253803021e-01 2.785660027977091696e-03 6.624331446583528304e+01 1.291590343522068356e-02 1.098560445950540199e-02 9.998561475948390953e-01 -5.699575648511512327e-01
0008765 008554 6.654805375026137115e-01 7.462957521697671792e-01 -1.334124824838926054e-02 -3.869277285436919556e+01 -7.463159869326209117e-01 6.655770312184519089e-01 4.404132229067657042e-03 6.521080280438081900e+01 1.216641563874624847e-02 7.025913441042972059e-03 9.999017496174293917e-01 -5.656969988750972789e-01
0008766 008555 6.872095789676339050e-01 7.263776733336381186e-01 -1.085352599398147627e-02 -4.114584159042942701e+01 -7.263534871211901889e-01 6.872875359911967408e-01 6.768121283606654860e-03 6.403269075340494965e+01 1.237571496198918916e-02 3.232373999003737997e-03 9.999186404466857692e-01 -6.392726072338277277e-01
0008767 008556 7.069418577718716845e-01 7.071942364625768418e-01 -1.044327153319684655e-02 -4.340121517739999035e+01 -7.071619627253379337e-01 7.070150222438807974e-01 7.159464951813564529e-03 6.286468079961332478e+01 1.244668798836132823e-02 2.323754217016891360e-03 9.999202839336309712e-01 -6.597379191095669171e-01
0008768 008557 7.277076480129600622e-01 6.857795199976243206e-01 -1.216925976016789389e-02 -4.581054286326389047e+01 -6.857746208597685911e-01 7.277950745153590750e-01 5.246140282297109998e-03 6.152861397323385972e+01 1.245441059841310462e-02 4.527711265058896074e-03 9.999120998801246385e-01 -6.423624383680603955e-01
0008769 008558 7.459453125224885239e-01 6.658501599504716983e-01 -1.444135246048581026e-02 -4.797499325785611290e+01 -6.658660682420413091e-01 7.460579636843882589e-01 4.386834122221209761e-03 6.024825017141074568e+01 1.369506894666094182e-02 6.343661415677241330e-03 9.998865420840886697e-01 -7.049076776359299856e-01
0008770 008559 7.649242776869843441e-01 6.438261781891063684e-01 -1.944394595166619444e-02 -5.026802260184695115e+01 -6.439063729474647779e-01 7.650992467414989839e-01 2.649395038345252456e-03 5.880995237789875318e+01 1.658230749462684395e-02 1.049348484867690043e-02 9.998078853738708860e-01 -8.812235583542502582e-01
0008771 008560 7.817809995572603254e-01 6.231130653437770839e-01 -2.340754292876809362e-02 -5.234002660785563421e+01 -6.232099241060267136e-01 7.820448862918322197e-01 3.798548167726291738e-03 5.743451142933236042e+01 2.067268371700253446e-02 1.161817035219573670e-02 9.997192365425421334e-01 -1.192318584276861770e+00
0008772 008561 7.995109189979370257e-01 6.001305472038332978e-01 -2.501807695279837859e-02 -5.454520317689639342e+01 -6.002133126223043735e-01 7.998250167050880988e-01 4.901923752090625759e-03 5.588334768353297477e+01 2.295186463053363116e-02 1.109703747081965293e-02 9.996748909007314721e-01 -1.394853676747814575e+00
0008773 008562 8.169804797280266762e-01 5.761953597401229255e-01 -2.326684415198315009e-02 -5.674424423433947595e+01 -5.761726021865617442e-01 8.172850278589630646e-01 8.349679085068046833e-03 5.422472688657080653e+01 2.382669369664061967e-02 6.584186127842379596e-03 9.996948688954191420e-01 -1.512372258584392171e+00
0008774 008563 8.326269155403175359e-01 5.534291172595490194e-01 -2.117213590299153736e-02 -5.874429215602140175e+01 -5.533746008936984984e-01 8.328847156664084261e-01 8.891908444143116833e-03 5.262615638588931688e+01 2.255499200723690839e-02 4.312474295986417835e-03 9.997367497187054086e-01 -1.439513259087426889e+00
0008775 008564 8.476766244715348009e-01 5.301424891136103934e-01 -1.982502397860290422e-02 -6.070529982578545969e+01 -5.301039878939173278e-01 8.478983545775813369e-01 7.590122938455553213e-03 5.097025629975178163e+01 2.083345237616358522e-02 4.075353786070547504e-03 9.997745638943037472e-01 -1.315560299346913098e+00
0008776 008565 8.632093022631210921e-01 5.044478757014406733e-01 -2.004208584090515569e-02 -6.278523875305336333e+01 -5.044207032455924056e-01 8.634311976746036343e-01 6.764479455982664279e-03 4.910566669444688159e+01 2.071729275697866204e-02 4.270475741357740093e-03 9.997767004264012103e-01 -1.298305561386790430e+00
0008777 008566 8.768525166911792512e-01 4.802780812245299735e-01 -2.150165654341815863e-02 -6.465830970744264050e+01 -4.802609817397862080e-01 8.771027468673033844e-01 6.294950498086328804e-03 4.733110950245645654e+01 2.188249076476983176e-02 4.806657424606571895e-03 9.997494418567504093e-01 -1.390567401194793717e+00
0008778 008567 8.908476180355584528e-01 4.537669717802927383e-01 -2.203668480006355096e-02 -6.663068448461740445e+01 -4.537412883181317635e-01 8.911097725508205780e-01 6.444166812286595929e-03 4.535784806731089702e+01 2.256126052924544573e-02 4.258177489712939613e-03 9.997368410154106044e-01 -1.456942748765179374e+00
0008779 008568 9.034014995119686864e-01 4.283024728866891562e-01 -2.054170053018393102e-02 -6.843254279778329874e+01 -4.282687989367794379e-01 9.036292881845858771e-01 6.238393467948002459e-03 4.343469283013428139e+01 2.123401477028647247e-02 3.161590516733527641e-03 9.997699809743983979e-01 -1.365977963184633381e+00
0008780 008569 9.160979711144939808e-01 4.004815302930506138e-01 -1.947423381758222466e-02 -7.031824278147291807e+01 -4.004545042296979163e-01 9.163003324957130769e-01 5.444966357925289969e-03 4.131290505108381694e+01 2.002484723076010734e-02 2.810421323730989945e-03 9.997954425278072765e-01 -1.283122807801134968e+00
0008781 008570 9.270700496616089969e-01 3.744332822883711387e-01 -1.844717766320654040e-02 -7.200836716941648774e+01 -3.743756252714231514e-01 9.272530513319336976e-01 6.620031598286849062e-03 3.929095180575313861e+01 1.958397074315193498e-02 7.689372628738273341e-04 9.998083670395639944e-01 -1.260973450242637739e+00
0008782 008571 9.380146272433406152e-01 3.461416970030578577e-01 -1.771168194635963644e-02 -7.376642585815466191e+01 -3.460637885153027837e-01 9.381812872338246567e-01 7.390868487743224372e-03 3.707357330179775090e+01 1.917507032699438882e-02 -8.033737896195593210e-04 9.998162657531737274e-01 -1.244545794305352615e+00
0008783 008572 9.479771693937519839e-01 3.178856894488683027e-01 -1.694967856401616291e-02 -7.545097875325700443e+01 -3.178058338049321030e-01 9.481272630094039755e-01 7.288724366366681681e-03 3.483060772673616157e+01 1.838744567715341893e-02 -1.522839802500604387e-03 9.998302239970201510e-01 -1.189075009251936876e+00
0008784 008573 9.564107428896233554e-01 2.914869435736709424e-01 -1.769782317487796422e-02 -7.695204499684291477e+01 -2.914269775433322995e-01 9.565741286118583098e-01 5.938302556070507686e-03 3.270854327195320366e+01 1.866022887587204943e-02 -5.218359839788018744e-04 9.998261936727264043e-01 -1.207457218946480282e+00
0008785 008574 9.638884685249705653e-01 2.656548871674144219e-01 -1.859659612080378707e-02 -7.837430828166361607e+01 -2.656066916505430697e-01 9.640676414799402849e-01 5.063386514969482437e-03 3.061105215547104308e+01 1.927350203240963539e-02 5.883736546476757217e-05 9.998146941545290600e-01 -1.257745786525042320e+00
0008786 008575 9.709857007403525087e-01 2.383314470522916173e-01 -1.962183961713353728e-02 -7.983142141537587122e+01 -2.382812489457587501e-01 9.711836254129918578e-01 4.895671836141649719e-03 2.837536374122282723e+01 2.022319676321991666e-02 -7.811088512273673778e-05 9.997953971107337301e-01 -1.349904508459317753e+00
0008787 008576 9.767612418681448361e-01 2.134004745241945833e-01 -1.993930992442283917e-02 -8.111369697614759389e+01 -2.133130375461631256e-01 9.769624069711976277e-01 6.440654196368999704e-03 2.630298160437450861e+01 2.085439561824702775e-02 -2.037667419700222009e-03 9.997808940189133464e-01 -1.416494335259933735e+00
0008788 008577 9.820495860231019947e-01 1.875312129270045314e-01 -2.026140550973381735e-02 -8.241667818489213460e+01 -1.874036226770832980e-01 9.822498143448962216e-01 8.041259416123214265e-03 2.413444200952926622e+01 2.140974950778926425e-02 -4.099853815840960418e-03 9.997628257480166702e-01 -1.486743296798739067e+00
0008789 008578 9.860974346088859921e-01 1.648591835518715409e-01 -2.080627782291522010e-02 -8.354466687934291258e+01 -1.647227862576693680e-01 9.863060671631715959e-01 8.120871739349017765e-03 2.221244181977726839e+01 2.186016454844193907e-02 -4.580702546126653313e-03 9.997509911342362665e-01 -1.534928093238153934e+00
0008790 008579 9.896630071677889884e-01 1.418530193571706510e-01 -2.108400688143765092e-02 -8.469144164844294664e+01 -1.417250386322068401e-01 9.898776321187601202e-01 7.454120055833861683e-03 2.024229328275032458e+01 2.192798079113956675e-02 -4.388934816061837614e-03 9.997503662480026199e-01 -1.543001756951721148e+00
0008791 008580 9.924674976109809643e-01 1.208632018470368746e-01 -1.999591790045376211e-02 -8.576123323248748420e+01 -1.207521319165921342e-01 9.926597645537963421e-01 6.677482204712761708e-03 1.842462957332281803e+01 2.065621409314206958e-02 -4.212634833492993197e-03 9.997782096407430430e-01 -1.433732677678303702e+00
0008792 008581 9.943666727915495551e-01 1.041665569135938330e-01 -1.961610241055561712e-02 -8.667690044149514961e+01 -1.040410167621018539e-01 9.945460287309009217e-01 7.319614454763845833e-03 1.697056240884739964e+01 2.027156282645518198e-02 -5.237498854075447671e-03 9.997807020598136196e-01 -1.419673557680237508e+00
0008793 008582 9.958307702560315056e-01 8.902521446615847822e-02 -1.987513285954171927e-02 -8.754897952427518248e+01 -8.885740011845380537e-02 9.960016028666887067e-01 9.175335870041035485e-03 1.562682179508010449e+01 2.061251052916334217e-02 -7.371028056986645392e-03 9.997608145234078147e-01 -1.464054904971247240e+00
0008794 008583 9.970898629211311093e-01 7.379849275874308945e-02 -1.911006549860386899e-02 -8.846434873953634792e+01 -7.361673701991100494e-02 9.972355834935657803e-01 1.004770634150937286e-02 1.426840136110968160e+01 1.979874967844194242e-02 -8.611642666955165656e-03 9.997673444461607772e-01 -1.403497321025883871e+00
0008795 008584 9.979137593015253715e-01 6.172955875008433180e-02 -1.890554948084830628e-02 -8.927281208768710030e+01 -6.154089563715957334e-02 9.980500332953686771e-01 1.040478395408970386e-02 1.317906381630018586e+01 1.951096953980286861e-02 -9.219608103511691202e-03 9.997675803848328213e-01 -1.384173969837553475e+00
0008796 008585 9.985325149366581776e-01 5.027308579713888476e-02 -2.014421808678812029e-02 -9.012562750752596230e+01 -5.007563777571064079e-02 9.986932992691921473e-01 1.019019547652641640e-02 1.213946732447402610e+01 2.063017933691572298e-02 -9.166503812272915053e-03 9.997450628805004680e-01 -1.496745032254050978e+00
0008797 008586 9.989102535553530116e-01 4.091740413325568870e-02 -2.243986950713620226e-02 -9.089548944126717345e+01 -4.069016052830848329e-02 9.991162500095489563e-01 1.049215571561786658e-02 1.126909138454357162e+01 2.284935891268609007e-02 -9.567637487217686698e-03 9.996935834976763413e-01 -1.699522968409092671e+00
0008798 008587 9.991544721764892278e-01 3.213529089831762553e-02 -2.562989743581737395e-02 -9.171714773118171138e+01 -3.187313481084649847e-02 9.994354047549419695e-01 1.057266867308907440e-02 1.044896806577617099e+01 2.595519669224092760e-02 -9.746823213044999989e-03 9.996160367084510057e-01 -1.990694406174109421e+00
0008799 008588 9.992919495511289885e-01 2.513328866141620321e-02 -2.799620014556984324e-02 -9.252274088561588883e+01 -2.483026895041845136e-02 9.996295633819042292e-01 1.111942760032061210e-02 9.786965605178920669e+00 2.826529575280609108e-02 -1.041639529586265746e-02 9.995466298750917966e-01 -2.215584402012884979e+00
0008800 008589 9.994309521747242187e-01 1.941059159745675555e-02 -2.757285513617158818e-02 -9.326626919346912814e+01 -1.909588172541598974e-02 9.997494129307568089e-01 1.163177032520508643e-02 9.242066992332183872e+00 2.779173834797698736e-02 -1.109862171693274356e-02 9.995525665968449935e-01 -2.183723775928863908e+00
0008801 008590 9.995989828453133441e-01 1.439126697096941923e-02 -2.438867863239078948e-02 -9.406930262264106091e+01 -1.412487078212825743e-02 9.998388751678777275e-01 1.106039251578449546e-02 8.759300204661485623e+00 2.454391828720504931e-02 -1.071146278667947475e-02 9.996418130152462389e-01 -1.880838174336249446e+00
0008802 008591 9.997716176853389536e-01 1.019650624269672831e-02 -1.877162260951336856e-02 -9.481423121859921821e+01 -9.999686986719009268e-03 9.998939581583148328e-01 1.054925111547440342e-02 8.353309989961417159e+00 1.887720412607815298e-02 -1.035912742054506154e-02 9.997685899852812863e-01 -1.339234943787213528e+00
0008803 008592 9.998545392568379819e-01 6.935289815663212183e-03 -1.558382106161287917e-02 -9.561858030064854574e+01 -6.786750997748914119e-03 9.999310436126603863e-01 9.564482606451676222e-03 8.029986763617671386e+00 1.564907883655546755e-02 -9.457322011778380999e-03 9.998332657861085382e-01 -1.021327024288861018e+00
0008804 008593 9.998598953892069430e-01 4.770712934021740029e-03 -1.603528599561055562e-02 -9.636311245342233178e+01 -4.617073001180974773e-03 9.999428522223495763e-01 9.604858489838967103e-03 7.806998754696905962e+00 1.608019764525991241e-02 -9.529472792447273369e-03 9.998257399947613200e-01 -1.067357129995047060e+00
0008805 008594 9.998455397434341529e-01 2.773968647967451316e-03 -1.734420669815588123e-02 -9.711519852834194921e+01 -2.600418603564972481e-03 9.999460075961909000e-01 1.002084392807504540e-02 7.599228711413161363e+00 1.737107489101227462e-02 -9.974190145180280090e-03 9.997998075677241303e-01 -1.202704217004888054e+00
0008806 008595 9.998291285925368088e-01 1.149546787639417434e-03 -1.843461308671538734e-02 -9.793245204002111848e+01 -9.761709782578536837e-04 9.999547476138938018e-01 9.411185459131114067e-03 7.422885154222058190e+00 1.844460772582160249e-02 -9.391579688136282925e-03 9.997862214443543616e-01 -1.311080870056414494e+00
0008807 008596 9.998372681736342749e-01 -6.168704778806173691e-05 -1.803213372358667896e-02 -9.875551819667060727e+01 2.213711149953191942e-04 9.999604319282511256e-01 8.853690793376906704e-03 7.288708525526089943e+00 1.803087907820269745e-02 -8.856238198170249959e-03 9.997986539222464275e-01 -1.271379450574378289e+00
0008808 008597 9.998463418008439740e-01 -9.795697272756802298e-04 -1.748879681143737999e-02 -9.951978440142364946e+01 1.130266105337460972e-03 9.999618548260917894e-01 8.608947082472343665e-03 7.183310548053668754e+00 1.747970551928575839e-02 -8.627388876371568788e-03 9.998104430400639453e-01 -1.219962943996303117e+00
0008809 008598 9.998653801451247158e-01 -1.427055183546900759e-03 -1.633691283554688373e-02 -1.003515484396638300e+02 1.585260259541459949e-03 9.999515826299172350e-01 9.675061265995359844e-03 7.126479734463828208e+00 1.632232077827543495e-02 -9.699652968362920680e-03 9.998201800982959853e-01 -1.117411523720709177e+00
0008810 008599 9.998738051716344888e-01 -1.504352861162615426e-03 -1.580342573414973348e-02 -1.011238839993221887e+02 1.661763753104824074e-03 9.999487029680039774e-01 9.952157942774099778e-03 7.104822390585468384e+00 1.578765070804657999e-02 -9.977159722051780547e-03 9.998260350305889776e-01 -1.069876770850977099e+00
0008811 008600 9.998551277099468892e-01 -1.253636198978493000e-03 -1.696816189939183775e-02 -1.019679782204420633e+02 1.416973719552438440e-03 9.999524186802463133e-01 9.617531916267406042e-03 7.114857652844875702e+00 1.695530220961324191e-02 -9.640177643774516109e-03 9.998102213154361761e-01 -1.190091358059003346e+00
0008812 008601 9.998259823459272333e-01 8.417662316264780116e-05 -1.864578282711754770e-02 -1.027467914312856578e+02 1.270231033893219315e-04 9.999354789800698473e-01 1.132549611803453614e-02 7.237799246849135670e+00 1.864553907101085262e-02 -1.132588874756958533e-02 9.997624527711630460e-01 -1.381410448950077807e+00
