0009579 009363 3.183206758338352673e-03 9.999598899372565963e-01 -8.406284534121758953e-03 7.691981137453967676e+01 -9.998660186855536924e-01 3.317451998698466280e-03 1.600403285375580353e-02 6.379546381557022983e+01 1.603130644397646881e-02 8.354216014002251861e-03 9.998364428550223781e-01 -4.892349071421620010e-01
0009580 009364 3.439722377621530491e-03 9.999676634089520455e-01 -7.217016949575626172e-03 7.590628906854271918e+01 -9.998224546177625349e-01 3.572684643361096184e-03 1.849222058794114387e-02 6.377974310519924472e+01 1.851741223331295969e-02 7.152119784298067648e-03 9.998034039330847556e-01 -5.704295250778699256e-01
0009581 009365 3.554840984386104397e-03 9.999546816162142582e-01 -8.862680675443188744e-03 7.483036465874283749e+01 -9.998720220179597717e-01 3.692276874431128612e-03 1.553917547149636334e-02 6.378011140558835734e+01 1.557122385781910257e-02 8.806309579483756131e-03 9.998398341951397761e-01 -4.433993681111587648e-01
0009582 009366 3.821526904610203588e-03 9.999470273836470469e-01 -9.583511117412806327e-03 7.382109399537148420e+01 -9.998594078389249074e-01 3.977055544301465184e-03 1.626231507112821384e-02 6.378035111219133313e+01 1.629959766596478579e-02 9.520020182186462662e-03 9.998216843601581694e-01 -4.454774252286313185e-01
0009583 009367 4.093262026733933932e-03 9.999443632751874311e-01 -9.746420629644704861e-03 7.273003930223057978e+01 -9.998566235709859251e-01 4.252394638762852126e-03 1.636265809383980960e-02 6.377815272125605617e+01 1.640322398105183155e-02 9.678050181355896120e-03 9.998184724117168409e-01 -4.509568223025155476e-01
0009584 009368 4.478938294636639755e-03 9.999496700126999649e-01 -9.004544607910981713e-03 7.171633791301246674e+01 -9.998616507077932036e-01 4.622181966939504540e-03 1.595024010332458594e-02 6.378286181159235468e+01 1.599108858390742641e-02 8.931861624093106328e-03 9.998320934512056057e-01 -4.856882766459733602e-01
0009585 009369 4.798668026600240964e-03 9.999567893503892302e-01 -7.990180315984649409e-03 7.062517020120503730e+01 -9.998626339478916547e-01 4.924443565068545477e-03 1.579632493024212339e-02 6.378091040037198667e+01 1.583502113690515162e-02 7.913283676172389036e-03 9.998431577959766559e-01 -5.571960191289520026e-01
0009586 009370 5.008304956667034534e-03 9.999578300801700292e-01 -7.724795944479532356e-03 6.962184968315705191e+01 -9.998606654595487697e-01 5.130301034095612923e-03 1.585424985008760182e-02 6.377428471732413584e+01 1.589324420799106963e-02 7.644318897317823117e-03 9.998443265433609728e-01 -5.854755764469530277e-01
0009587 009371 5.217133877243987188e-03 9.999601622939880974e-01 -7.183573668440969631e-03 6.852838451607476600e+01 -9.998022301329352324e-01 5.353819787874676203e-03 1.914178183644502096e-02 6.375346616582940840e+01 1.917948698861677084e-02 7.082280464946651317e-03 9.997914194698709345e-01 -6.749634016222358923e-01
0009588 009372 5.506347692622886973e-03 9.999426891984358745e-01 -9.204972080199956552e-03 6.752314210680651740e+01 -9.998349525743596145e-01 5.664413315954524783e-03 1.723441497227887545e-02 6.376853258137539626e+01 1.728559938769969745e-02 9.108557460006013948e-03 9.998089569839574420e-01 -5.913044719478506295e-01
0009589 009373 5.938821621118676834e-03 9.999354167203949872e-01 -9.718463837334913313e-03 6.642064580515852867e+01 -9.998268324434358423e-01 6.108796677255292316e-03 1.755429972202875166e-02 6.377589870836358443e+01 1.761256186282549735e-02 9.612532208387909380e-03 9.997985322842408706e-01 -5.874149894762581425e-01
0009590 009374 6.250431405693554140e-03 9.999338473534568061e-01 -9.677634697156871357e-03 6.540894492505412927e+01 -9.998172527732969161e-01 6.423713100465106886e-03 1.797861257573024965e-02 6.377616968162863031e+01 1.803962086669556181e-02 9.563495765225811518e-03 9.997913881914399781e-01 -6.242892884018260702e-01
0009591 009375 6.532672840460561174e-03 9.999327884916096032e-01 -9.608056583693048991e-03 6.431711643545258994e+01 -9.998148108010209700e-01 6.705019416135467661e-03 1.801579396370456276e-02 6.377259049697609328e+01 1.807903230736213410e-02 9.488588987937980612e-03 9.997913900240004148e-01 -6.413147740292828303e-01
0009592 009376 6.871531861783862320e-03 9.999311782760442746e-01 -9.536465902781898762e-03 6.330463265017988306e+01 -9.998212175566189019e-01 7.037925942555089964e-03 1.752523706984349811e-02 6.377333786791287196e+01 1.759117656528314325e-02 9.414338864562195666e-03 9.998007946547763369e-01 -6.238419666212280390e-01
0009593 009377 7.197656062178038952e-03 9.999299358645945546e-01 -9.421318035391397852e-03 6.221073975406307000e+01 -9.998330170966662767e-01 7.354319849629900076e-03 1.670048162131154354e-02 6.377027388504794203e+01 1.676863023838472827e-02 9.299543968014450240e-03 9.998160029349277833e-01 -5.874558507074709723e-01
0009594 009378 7.575012920092064929e-03 9.999273389829829162e-01 -9.405821048755992272e-03 6.119656056279291079e+01 -9.998360976307943959e-01 7.728092639169705652e-03 1.634619463773346465e-02 6.377184990497374883e+01 1.641772501680919399e-02 9.280459721608931914e-03 9.998220039422771599e-01 -5.733384582669032170e-01
0009595 009379 8.072924936115520589e-03 9.999190158372897042e-01 -9.862953916400069368e-03 6.009283092641817348e+01 -9.998535435650380832e-01 8.220172427797789796e-03 1.498060715521407071e-02 6.377760055983121390e+01 1.506050018895790064e-02 9.740575710960139300e-03 9.998389923529126255e-01 -4.701314846158481942e-01
0009596 009380 8.545025825917500553e-03 9.999108637964303492e-01 -1.028421156107076767e-02 5.907353172974126210e+01 -9.998453316387134748e-01 8.701381223452870142e-03 1.525539169208201158e-02 6.378419723079018411e+01 1.534354879584559454e-02 1.015226694242094517e-02 9.998305932112053762e-01 -4.723822402849293667e-01
0009597 009381 8.855388371027707317e-03 9.999044501083836911e-01 -1.063891538543456153e-02 5.798275903654393915e+01 -9.998552155930402474e-01 9.008239958896036709e-03 1.440567604127681971e-02 6.377866422298313864e+01 1.450016813114294277e-02 1.050981123635955951e-02 9.998394856565903099e-01 -4.090588642417287701e-01
0009598 009382 9.281126127684127813e-03 9.999121635651236906e-01 -9.416122858492572897e-03 5.696278790923770430e+01 -9.998135887178242198e-01 9.438697371648565454e-03 1.683028055337994211e-02 6.376682856241424702e+01 1.691768723307313441e-02 9.258155156794201437e-03 9.998144689194362611e-01 -4.900720342684934394e-01
0009599 009383 9.597904160845266777e-03 9.999118008196488105e-01 -9.210677908352461404e-03 5.588174085067748820e+01 -9.998490514719783340e-01 9.729648025780732179e-03 1.436608087537409421e-02 6.377383379850478207e+01 1.445445977372605481e-02 9.071405778481426291e-03 9.998542325115802321e-01 -5.048897554965350309e-01
0009600 009384 9.974878835384471190e-03 9.999199217741904233e-01 -7.814018652569426279e-03 5.487381548667326570e+01 -9.998437841012242089e-01 1.008728924188613020e-02 1.448003319181059324e-02 6.377137683529993240e+01 1.455772926146729242e-02 7.668363786470885901e-03 9.998644792058815067e-01 -5.970310863376084853e-01
0009601 009385 1.032882265356949505e-02 9.999164336484079874e-01 -7.802318722198569104e-03 5.378340762522111618e+01 -9.998434720040292323e-01 1.043928520005063532e-02 1.425125243129592850e-02 6.376635871042559245e+01 1.433154488634311857e-02 7.653900983631227624e-03 9.998678576053308120e-01 -5.932369804126835788e-01
0009602 009386 1.060423894146991612e-02 9.999104243099203870e-01 -8.189529282620726380e-03 5.278119316010815965e+01 -9.998349366778848113e-01 1.072329288704819243e-02 1.463200778945097751e-02 6.375888570985591741e+01 1.471854994658040698e-02 8.033019090474080234e-03 9.998592615764928526e-01 -6.073997691303532065e-01
0009603 009387 1.089996469565494841e-02 9.999212103583065003e-01 -6.166566863351190947e-03 5.169319297911351896e+01 -9.998103452014682757e-01 1.099781064848789208e-02 1.606258248837409003e-02 6.373431306980391753e+01 1.612914134741205013e-02 5.990308640361039112e-03 9.998524195986023821e-01 -6.694670022100694950e-01
0009604 009388 1.115999767565960948e-02 9.999231742054746075e-01 -5.449698359373801766e-03 5.070299240971780819e+01 -9.998736948141535574e-01 1.122061417845940379e-02 1.122060028652975376e-02 6.373469151805451816e+01 1.128091788867557552e-02 5.323787148751928273e-03 9.999220499911600779e-01 -5.504554973487501002e-01
0009605 009389 1.122784031281928892e-02 9.999204570923738711e-01 -5.788241830489372110e-03 4.963554581279549893e+01 -9.998575322053550041e-01 1.129952748833264187e-02 1.250340427352549140e-02 6.371450710251512817e+01 1.256784645970027321e-02 5.647031124228336224e-03 9.999049295912907365e-01 -6.225180375449212988e-01
0009606 009390 1.130972800475063718e-02 9.999010126594359837e-01 -8.396857312885766533e-03 4.864575461866934347e+01 -9.998323091604045532e-01 1.142884989055935330e-02 1.427577071685833671e-02 6.370104109774389656e+01 1.437035633831235809e-02 8.233996738280869102e-03 9.998626916799702169e-01 -6.186459792576215477e-01
0009607 009391 1.222047087997818818e-02 9.998648904436370222e-01 -1.101229867265242010e-02 4.752303057502194861e+01 -9.998312336762255059e-01 1.236928187112477755e-02 1.354715246965114764e-02 6.372023595431242882e+01 1.368157030263076994e-02 1.084489283134875727e-02 9.998474438393392116e-01 -4.627503567516129124e-01
0009608 009392 1.247536680960204848e-02 9.998692508018720559e-01 -1.031506820198496883e-02 4.652961490665165911e+01 -9.998141851204174202e-01 1.262468544537456022e-02 1.453881420448888476e-02 6.370932122852137525e+01 1.466716721155769503e-02 1.013177790274451956e-02 9.998409520432086639e-01 -5.690806950985489721e-01
0009609 009393 1.249218788446722871e-02 9.998841497292279001e-01 -8.721716284841299002e-03 4.547227613528411894e+01 -9.997837481428989426e-01 1.263477406531310181e-02 1.648835214418426648e-02 6.368720118726488977e+01 1.659667047839865489e-02 8.513857425578317054e-03 9.998258713145702359e-01 -7.728145901441365595e-01
0009610 009394 1.268537877480582082e-02 9.998902996417606825e-01 -7.681197706823814607e-03 4.448406324718416727e+01 -9.997459677281415047e-01 1.282576395338019641e-02 1.851056389395220811e-02 6.367417207034935700e+01 1.860707844503467490e-02 7.444434427642863603e-03 9.997990124711492177e-01 -9.552998882166150452e-01
0009611 009395 1.304885131052928651e-02 9.998827074609828447e-01 -8.047837479338541475e-03 4.340096635101144784e+01 -9.997478725424557844e-01 1.319314813627098584e-02 1.814418262815646957e-02 6.366590333095055598e+01 1.824826057597133885e-02 7.809049662897533071e-03 9.998028445722902946e-01 -9.271506116305516798e-01
0009612 009396 1.338037995619622243e-02 9.998656304075782542e-01 -9.496964150498981433e-03 4.240026489843603485e+01 -9.997403273822944580e-01 1.355249622065179266e-02 1.829545643155132406e-02 6.365795285379928714e+01 1.842173435775347132e-02 9.249700980210729881e-03 9.997873729149368005e-01 -8.859472186137509198e-01
0009613 009397 1.357732000315041258e-02 9.998436630142450987e-01 -1.134799967880496113e-02 4.132592153254790901e+01 -9.997419397239787342e-01 1.378064065411880798e-02 1.803411883805841609e-02 6.364338079616452148e+01 1.818771200624896139e-02 1.110022102100346499e-02 9.997728244576655765e-01 -8.057359013423308625e-01
0009614 009398 1.402972847211842594e-02 9.998327897788964469e-01 -1.174517644593503149e-02 4.031954723076432856e+01 -9.997433237729459465e-01 1.423520415966602129e-02 1.759675915021587447e-02 6.363900013430904323e+01 1.776104431938066788e-02 1.149528960197393306e-02 9.997760308610428304e-01 -7.723496561391414161e-01
0009615 009399 1.435990630252109539e-02 9.998448799949751775e-01 -1.016261301521257515e-02 3.923462619580550381e+01 -9.996847045072997373e-01 1.456541518092295887e-02 2.044582814444831365e-02 6.361429817929777641e+01 2.059068331941472582e-02 9.865799039569416937e-03 9.997397578948861163e-01 -8.962383037856085366e-01
0009616 009400 1.468066504927398493e-02 9.998459188940712616e-01 -9.653049210699220575e-03 3.824552940093781217e+01 -9.997194232355015586e-01 1.485672516559511519e-02 1.842627837826087828e-02 6.361873972201497907e+01 1.856687887167343329e-02 9.379833740275917570e-03 9.997834755834484888e-01 -9.272631153504704571e-01
0009617 009401 1.518037771484320904e-02 9.998523934284767600e-01 -8.078447468434836812e-03 3.715804782804661954e+01 -9.997087950311345228e-01 1.532861324382792101e-02 1.861405384657528403e-02 6.361269138221381070e+01 1.873516600872134064e-02 7.793528464765643593e-03 9.997939601667017451e-01 -1.006956935043859858e+00
0009618 009402 1.546787323819184302e-02 9.998475822166875693e-01 -8.129070797672860449e-03 3.616317577891186374e+01 -9.997068323587046113e-01 1.561596861224183452e-02 1.848041859201807885e-02 6.360141331352922123e+01 1.860457326271148723e-02 7.840836698389105561e-03 9.997960289202235673e-01 -1.005115167746311045e+00
0009619 009403 1.577896238266008819e-02 9.998401931227645090e-01 -8.436332057306547907e-03 3.508466865451282501e+01 -9.996973658918397732e-01 1.593468204656363699e-02 1.871983277118468431e-02 6.358969500077155601e+01 1.885129848035757213e-02 8.138401400568892261e-03 9.997890293945979057e-01 -1.020958419073593859e+00
0009620 009404 1.613766021207479334e-02 9.998336834802091788e-01 -8.521702518964521453e-03 3.408653259796665225e+01 -9.996999953521190641e-01 1.629118892813041786e-02 1.826376464763163066e-02 6.357992747235810782e+01 1.839958633347006309e-02 8.224414002717004776e-03 9.997967406073062779e-01 -9.992047736148919057e-01
0009621 009405 1.659472173297525319e-02 9.998205283552515921e-01 -9.167848771855110351e-03 3.299973726467123925e+01 -9.996993273061923757e-01 1.675666011131864488e-02 1.787744607057780918e-02 6.357148082213832652e+01 1.802788854127967619e-02 8.868423703752580795e-03 9.997980068888280281e-01 -9.643434230101348703e-01
0009622 009406 1.694651543287874554e-02 9.998061632456727299e-01 -1.005106527908071826e-02 3.200183704461323941e+01 -9.996896116806111010e-01 1.712622981682054152e-02 1.807084747091444038e-02 6.356155132040548494e+01 1.823950841746582383e-02 9.741710862481076788e-03 9.997860409654110159e-01 -9.571219803927135672e-01
0009623 009407 1.736417274397073288e-02 9.998026157381156853e-01 -9.686107950785739426e-03 3.091959380077878450e+01 -9.996887178134425955e-01 1.753395746765920929e-02 1.772693146808282730e-02 6.355061665133061410e+01 1.789329442894875555e-02 9.375282085090409084e-03 9.997958003460324372e-01 -9.590148535071278957e-01
0009624 009408 1.763558410816435870e-02 9.998052858460211301e-01 -8.874930708015196443e-03 2.992896228910012724e+01 -9.996783889228944009e-01 1.779352132803260420e-02 1.804183567473833724e-02 6.353606354308691095e+01 1.819627104115517993e-02 8.553901070405173918e-03 9.997976969229288580e-01 -1.011969850857127540e+00
0009625 009409 1.780661279642186540e-02 9.998084197176170251e-01 -8.161844961881518576e-03 2.886285960040822829e+01 -9.996675289394694186e-01 1.795501361054143916e-02 1.848315568881903070e-02 6.351744581303114501e+01 1.862618763842151248e-02 7.830010703154697757e-03 9.997957113245011795e-01 -1.069017040953468722e+00
0009626 009410 1.841085206654884815e-02 9.998028665344275145e-01 -7.459876123362121567e-03 2.785076181366184755e+01 -9.996449020143047814e-01 1.855050577387658273e-02 1.910341492742391456e-02 6.351214599793128457e+01 1.923806510252101809e-02 7.105518554997939870e-03 9.997895362470333724e-01 -1.137701104737431024e+00
0009627 009411 1.906634154148816040e-02 9.997983251795159454e-01 -6.343771728829565061e-03 2.675353808131785627e+01 -9.996323711020631553e-01 1.918461477213612501e-02 1.913488445900465157e-02 6.350581053597323944e+01 1.925275770605002976e-02 5.976607757629380339e-03 9.997966392318664575e-01 -1.180134699184790747e+00
0009628 009412 1.956266356982600332e-02 9.997911594663616563e-01 -5.948714752103326578e-03 2.574593097889282944e+01 -9.996182416368440959e-01 1.967457966816574602e-02 1.937369998952357883e-02 6.349691440652470931e+01 1.948672207017091915e-02 5.567442684893824517e-03 9.997944686765639632e-01 -1.214130670478290597e+00
0009629 009413 2.019043372697091471e-02 9.997699804363138210e-01 -7.270499137773420856e-03 2.464638669076975930e+01 -9.995945118256933659e-01 2.033173656941868537e-02 1.991408548809156173e-02 6.349006143718324324e+01 2.005735395210810415e-02 6.865478087976266408e-03 9.997751127885841083e-01 -1.224589845249752784e+00
0009630 009414 2.062145174383963123e-02 9.997567447589615908e-01 -7.854635236259687597e-03 2.364157440159488033e+01 -9.995706609013497168e-01 2.077976009815562727e-02 2.063478951387677854e-02 6.347931052163454524e+01 2.079301531973519468e-02 7.425745212065943020e-03 9.997560788750122773e-01 -1.265585921611489084e+00
0009631 009415 2.106262079527664727e-02 9.997556386349011337e-01 -6.746766271889508698e-03 2.255587337685119564e+01 -9.995343748148309837e-01 2.120590693428790405e-02 2.191902664716319574e-02 6.346628421178405688e+01 2.205676893047469125e-02 6.281953278018487415e-03 9.997368376216116959e-01 -1.383741391032643264e+00
0009632 009416 2.140687648197146103e-02 9.997610684980674511e-01 -4.483788032620535449e-03 2.155865889443521155e+01 -9.995245956263925091e-01 2.150086134420250983e-02 2.207848159012957417e-02 6.345135148707962003e+01 2.216963710078084793e-02 4.009023909818484888e-03 9.997460394621269231e-01 -1.449804088389988976e+00
0009633 009417 2.193762362939303406e-02 9.997511075342639941e-01 -4.123832339969502221e-03 2.046378859882679535e+01 -9.995186572258062396e-01 2.202260463117640399e-02 2.183144537938330396e-02 6.343855893645567789e+01 2.191685510311757595e-02 3.642915818902164003e-03 9.997530140570731749e-01 -1.449182524102042180e+00
0009634 009418 2.214531838763932059e-02 9.997388728265905744e-01 -5.678490044766668250e-03 1.946820037348152255e+01 -9.995200160860411298e-01 2.226274479331239592e-02 2.152191490641856136e-02 6.342125946656210544e+01 2.164274150158789281e-02 5.199154493432252624e-03 9.997521037743094530e-01 -1.405883696186947418e+00
0009635 009419 2.224419545735358689e-02 9.997216557606823928e-01 -7.898722043874669904e-03 1.839533492681039206e+01 -9.995265636700999545e-01 2.240633030234677817e-02 2.106653581695084806e-02 6.339996760673423637e+01 2.123767841752920160e-02 7.426375899018421156e-03 9.997467271337122652e-01 -1.346060770164982046e+00
0009636 009420 2.216166147716909854e-02 9.997169752093926220e-01 -8.674609615142631069e-03 1.741676540227945225e+01 -9.995344248001158949e-01 2.233778311323501853e-02 2.076021975805289813e-02 6.337635491086427919e+01 2.094814546049040757e-02 8.210492310219164383e-03 9.997467036435842003e-01 -1.321849999214322224e+00
0009637 009421 2.217869652497705263e-02 9.997238031841363393e-01 -7.803714967937368935e-03 1.635076513019430422e+01 -9.995396592533923874e-01 2.233475071906895412e-02 2.051133160562108176e-02 6.335256482342506956e+01 2.067998878185276640e-02 7.345209540854426462e-03 9.997590181533730913e-01 -1.330234039903118060e+00
0009638 009422 2.236783526134450764e-02 9.997304670926371317e-01 -6.256981580813798099e-03 1.535565177803255210e+01 -9.995593143869920816e-01 2.248518376771309682e-02 1.935668752387020852e-02 6.333229696881736004e+01 1.949218852003067534e-02 5.821257283168615113e-03 9.997929165099836979e-01 -1.287749467252361057e+00
0009639 009423 2.240287563706738067e-02 9.997375194728118641e-01 -4.848856634470780080e-03 1.428751510188703833e+01 -9.995498016575686817e-01 2.249488579510757619e-02 1.983162362574488607e-02 6.330777952061498581e+01 1.993552051893600352e-02 4.402387328948270326e-03 9.997914294433022375e-01 -1.343939578509420585e+00
0009640 009424 2.220167567034203593e-02 9.997451993730546160e-01 -4.140488779661563069e-03 1.331481993340003100e+01 -9.995624290568672077e-01 2.227814330251653985e-02 1.943624325144745202e-02 6.328261082387922443e+01 1.952356102402150531e-02 3.707158305042374067e-03 9.998023784243817991e-01 -1.333686629716922312e+00
0009641 009425 2.230959820223653300e-02 9.997449001026106341e-01 -3.589089555803319769e-03 1.223738250440510456e+01 -9.995747546601516653e-01 2.237288336363537494e-02 1.867726137566860095e-02 6.325959945797342243e+01 1.875282458856920159e-02 3.170879139923273634e-03 9.998189763222932180e-01 -1.300972770927941724e+00
0009642 009426 2.210382946968161150e-02 9.997478575385588817e-01 -4.019294043023144587e-03 1.126088500671539805e+01 -9.995803035697409245e-01 2.217500313423771338e-02 1.861745747851586627e-02 6.323499555996110644e+01 1.870191949869278586e-02 3.606088413113915821e-03 9.998184548451516385e-01 -1.299282367365357516e+00
0009643 009427 2.201992320684863225e-02 9.997456041333386834e-01 -4.938822953199637975e-03 1.019308625460143958e+01 -9.995745917292241378e-01 2.211003980903333485e-02 1.899828330641782984e-02 6.321026557894785469e+01 1.910267525272195052e-02 4.518380294087059185e-03 9.998071715957094208e-01 -1.324966487732602616e+00
0009644 009428 2.209934199983849129e-02 9.997411126742858922e-01 -5.461902990984804883e-03 9.197810983074305113e+00 -9.995700661004723875e-01 2.220010435271070962e-02 1.912995254617727570e-02 6.318796653642303340e+01 1.924628312994485640e-02 5.036794936389027769e-03 9.998019401983800902e-01 -1.337290799914555350e+00
0009645 009429 2.208054421700348519e-02 9.997386302338961972e-01 -5.966901595274673453e-03 8.125846705282128823e+00 -9.995760673422242615e-01 2.218934553540977822e-02 1.882585394537125700e-02 6.316296474705583819e+01 1.895336407914027452e-02 5.548686959575749311e-03 9.998048261471920162e-01 -1.321990358222215889e+00
0009646 009430 2.212051914888694612e-02 9.997374363799094166e-01 -6.023731614926913260e-03 7.132263467940902046e+00 -9.995946778323239190e-01 2.222444989770162860e-02 1.776821468608613327e-02 6.313975033218190447e+01 1.789745156496685974e-02 5.628247883063786441e-03 9.998238406448511917e-01 -1.261993459624662250e+00
0009647 009431 2.213842198520123150e-02 9.997372525923601261e-01 -5.991966926611027103e-03 6.056865451976591430e+00 -9.995919474179821851e-01 2.224251876701635600e-02 1.789993835559103644e-02 6.311538581570474093e+01 1.802853852056289854e-02 5.593245325260629355e-03 9.998216819433560776e-01 -1.278801472031872777e+00
0009648 009432 2.239935750222726840e-02 9.997298592893016922e-01 -6.236937488260659024e-03 4.965795468211581465e+00 -9.996123533830060248e-01 2.249888176260169195e-02 1.636999490760220749e-02 6.309153090718228896e+01 1.650592864608649638e-02 5.867842960162539603e-03 9.998464036637054742e-01 -1.189110889744156907e+00
0009649 009433 2.295551866825081694e-02 9.997184083963527312e-01 -6.051348009487841732e-03 3.938972075571655296e+00 -9.996105902311416269e-01 2.304811599475075842e-02 1.570141323986991994e-02 6.307040723844158947e+01 1.583649500996591256e-02 5.688557712112057158e-03 9.998582668967083142e-01 -1.157037523117956823e+00
0009650 009434 2.343653222339741465e-02 9.997095249297024422e-01 -5.657548553502010809e-03 2.917389519673633913e+00 -9.996167936010861288e-01 2.351683795548064476e-02 1.456876601053488755e-02 6.304852032735209377e+01 1.469761471370659330e-02 5.313939436020162846e-03 9.998777176446108639e-01 -1.094494274895886576e+00
0009651 009435 2.433980157468836059e-02 9.996895797329554689e-01 -5.371472315116169668e-03 1.785823147222799889e+00 -9.996063748462672427e-01 2.441193112033842108e-02 1.379489580532758559e-02 6.302465817456911168e+01 1.392177216262016279e-02 5.033592304305047234e-03 9.998902716012746383e-01 -1.053688382327202078e+00
0009652 009436 2.484220948496702538e-02 9.996759538576259763e-01 -5.598323837307928388e-03 7.607895333712804131e-01 -9.995960689834382240e-01 2.491662633053024281e-02 1.363677718283063701e-02 6.300277764979423978e+01 1.377188123736413847e-02 5.257294634892025267e-03 9.998911961618593969e-01 -1.051548775230735089e+00
0009653 009437 2.534328270430354774e-02 9.996590605068803592e-01 -6.322635236705504216e-03 -3.474744018594719819e-01 -9.995841089883641395e-01 2.542725088332251082e-02 1.357095269665308315e-02 6.297834479532730256e+01 1.372712461086550602e-02 5.976073600633540449e-03 9.998877740092921851e-01 -1.055357351734286908e+00
0009654 009438 2.587398744707605433e-02 9.996406881552819534e-01 -7.039026865888932914e-03 -1.375194840242329519e+00 -9.995868454977006046e-01 2.595926733821611598e-02 1.230379133467709822e-02 6.295436595740096664e+01 1.248213015453381210e-02 6.717771359194342658e-03 9.998993828976537879e-01 -9.846149481954569183e-01
0009655 009439 2.597323665824413999e-02 9.996350705398742154e-01 -7.460880380791730208e-03 -2.459001651643120567e+00 -9.995805178889656251e-01 2.606582565531066070e-02 1.259051185452435620e-02 6.292975262768220546e+01 1.278042203288932109e-02 7.130735277728735867e-03 9.998927549465747022e-01 -1.012451849598875242e+00
0009656 009440 2.601334496914709665e-02 9.996294383647178483e-01 -8.046609335156579279e-03 -3.456865055860362190e+00 -9.995926502787935153e-01 2.610495293104427364e-02 1.149491636753835651e-02 6.290600110941267076e+01 1.170074673787089951e-02 7.744312550352895792e-03 9.999014081585965164e-01 -9.520498000030812591e-01
0009657 009441 2.611069290056690015e-02 9.996140954368581966e-01 -9.507012821627178201e-03 -4.543362863108086458e+00 -9.995934341422547664e-01 2.621642371433660287e-02 1.117000619364597568e-02 6.288000328732019284e+01 1.141496843060269689e-02 9.211494141584185974e-03 9.998922715735802935e-01 -9.475304121696268567e-01
0009658 009442 2.577170378389177438e-02 9.996121366532004782e-01 -1.057890871886436532e-02 -5.519443652495283459e+00 -9.996016252739696739e-01 2.588999296438818098e-02 1.119950253015812754e-02 6.285819788886533388e+01 1.146907874099982461e-02 1.028606786738323758e-02 9.998811754088940962e-01 -9.626382738585590459e-01
0009659 009443 2.489683542221672249e-02 9.996315444348964352e-01 -1.083617964278844013e-02 -6.545482282939701690e+00 -9.996151353104473225e-01 2.502581924354837020e-02 1.193320462358484803e-02 6.283883632116783247e+01 1.220002431740949307e-02 1.053491432661215858e-02 9.998699330052831513e-01 -1.019118803944408569e+00
0009660 009444 2.378362357069774974e-02 9.996551761877261466e-01 -1.114766491761159418e-02 -7.474821401423469069e+00 -9.996400237632457886e-01 2.391838496283018797e-02 1.211395835138964240e-02 6.282279466116364119e+01 1.237645009238307406e-02 1.085554361483276678e-02 9.998643350928466678e-01 -1.038426400898629254e+00
0009661 009445 2.205759953878548563e-02 9.996891469709667799e-01 -1.164551130628253307e-02 -8.449773304007976549e+00 -9.996684324178444214e-01 2.220859443237494651e-02 1.299850911531785606e-02 6.281116875703196456e+01 1.325312934908184567e-02 1.135493855658667624e-02 9.998475523580713231e-01 -1.105125859833492541e+00
0009662 009446 1.981412899659519902e-02 9.997254454092052711e-01 -1.252716316161717018e-02 -9.310570724833269196e+00 -9.997110525470703779e-01 1.998090094021510651e-02 1.332973947120553310e-02 6.280758850573648999e+01 1.357641538038549187e-02 1.225943196467685174e-02 9.998325336348848902e-01 -1.141726689833362229e+00
0009663 009447 1.701998018172537833e-02 9.997851504468724393e-01 -1.185212599873978513e-02 -1.022043868600212591e+01 -9.997455000489293697e-01 1.719212925198156452e-02 1.457656831470895489e-02 6.280949531009525799e+01 1.477723070441734274e-02 1.160102181347695896e-02 9.998233633271986776e-01 -1.219748788327734701e+00
0009664 009448 1.476806625491213637e-02 9.998424747861601736e-01 -9.869121633032688565e-03 -1.108093083670155465e+01 -9.997708616825373706e-01 1.491826294916936101e-02 1.532154966569610789e-02 6.281025980407028442e+01 1.546639760733838076e-02 9.640594217041206782e-03 9.998337649927694359e-01 -1.250993982972048002e+00
0009665 009449 1.270247769206142748e-02 9.998903244088943598e-01 -7.646653971838160077e-03 -1.203854051161215466e+01 -9.997887568220183985e-01 1.282382411885572317e-02 1.603392499220995804e-02 6.280746929291454705e+01 1.613025632426919390e-02 7.441369757782805017e-03 9.998420620335345399e-01 -1.273515275563610771e+00
0009666 009450 1.085410422577285511e-02 9.999210282519171988e-01 -6.265533849776796886e-03 -1.293567792231715430e+01 -9.997675000155309410e-01 1.096868249987153522e-02 1.855228504767467146e-02 6.279103164044595076e+01 1.861955330436602940e-02 6.062702141583132046e-03 9.998087065948830787e-01 -1.349034360432426638e+00
0009667 009451 9.334368296149970004e-03 9.999173293624146197e-01 -8.874061389298099761e-03 -1.393066649222419073e+01 -9.998238537847750074e-01 9.477050444129699047e-03 1.617411651088370567e-02 6.279899418432673031e+01 1.625690816718403098e-02 8.721525512424412735e-03 9.998296635492239792e-01 -1.311825968724377844e+00
0009668 009452 8.518635196089880540e-03 9.999146913037622042e-01 -9.923014630632198338e-03 -1.480821706364167767e+01 -9.998306713178075622e-01 8.678667894014857956e-03 1.619700025159107742e-02 6.278732582059383560e+01 1.628176924892710264e-02 9.783362067458991826e-03 9.998194326928390163e-01 -1.336783251661429972e+00
0009669 009453 7.644677328425147217e-03 9.999120917470819547e-01 -1.085274506478445256e-02 -1.593752647843575687e+01 -9.997847729673577932e-01 7.851862393199586856e-03 1.917759988177254390e-02 6.277208135478093709e+01 1.926115927591609198e-02 1.070380736851123810e-02 9.997570427845355878e-01 -1.548617498341329224e+00
0009670 009454 7.335950992210397981e-03 9.999171967832515273e-01 -1.059316929370365291e-02 -1.693392372882499330e+01 -9.998127947556121331e-01 7.523760346515438735e-03 1.779916627294557060e-02 6.275243829147407837e+01 1.787742408591724841e-02 1.046061685655727373e-02 9.997853176924548224e-01 -1.465632842057871699e+00
0009671 009455 7.479569562775613585e-03 9.999279529440526781e-01 -9.421562568325563339e-03 -1.804527969312948699e+01 -9.998182871596710264e-01 7.643097696795022461e-03 1.744151970820846664e-02 6.272177888836196757e+01 1.751229900033038009e-02 9.289398061424118322e-03 9.998033480323123001e-01 -1.430472155330690498e+00
0009672 009456 7.695409003005426914e-03 9.999430759523229018e-01 -7.427212302562557350e-03 -1.907886708420028299e+01 -9.998162883555257174e-01 7.824229575643031759e-03 1.747337786223187792e-02 6.269531697369734502e+01 1.753052378884661228e-02 7.291384372228325132e-03 9.998195960770328572e-01 -1.401897238193626549e+00
0009673 009457 8.609681702980643420e-03 9.999403860767124286e-01 -6.752916231391022962e-03 -2.024436758712727169e+01 -9.998127219158823298e-01 8.725078315520955544e-03 1.724843113880648870e-02 6.265180032713936953e+01 1.730635199830290669e-02 6.603148928079891240e-03 9.998282836755886249e-01 -1.381865624125097725e+00
0009674 009458 9.589134774871473435e-03 9.999294040211090806e-01 -7.056498043984938545e-03 -2.133115973701387702e+01 -9.998081497804086615e-01 9.707868769282467294e-03 1.698792931177492763e-02 6.260681757711201101e+01 1.705526170594203264e-02 6.892245607603135309e-03 9.998306472708986536e-01 -1.381734246651120657e+00
0009675 009459 1.046455018199621799e-02 9.999191088233710945e-01 -7.266415400032040506e-03 -2.249814996852546756e+01 -9.997998897439193122e-01 1.058648098793067011e-02 1.694841771914538942e-02 6.256067274685133839e+01 1.702400133130319015e-02 7.087604912284646216e-03 9.998298142459978166e-01 -1.393763409370919248e+00
0009676 009460 1.142309130787712984e-02 9.999108021526094126e-01 -6.954716837213978375e-03 -2.358598097676622274e+01 -9.997922375960399677e-01 1.153843299561768503e-02 1.677569138046393002e-02 6.251373976851095904e+01 1.685447212895603217e-02 6.761642805504345516e-03 9.998349439582115972e-01 -1.382460329183416547e+00
0009677 009461 1.270267156310852553e-02 9.999035740060765454e-01 -5.646369003300430282e-03 -2.478089227327654953e+01 -9.997632941171746834e-01 1.280009336394339996e-02 1.756474575770055821e-02 6.245732668469290161e+01 1.763535797287920856e-02 5.421913450775613444e-03 9.998296381128589649e-01 -1.409218846359749477e+00
0009678 009462 1.415690673160962219e-02 9.998919069073229915e-01 -4.023593517967081340e-03 -2.590190283235733659e+01 -9.997344774323395633e-01 1.422753028009997311e-02 1.809959086289117738e-02 6.239726545393466495e+01 1.815491082347666166e-02 3.766289541691334938e-03 9.998279464776470560e-01 -1.407771989129273038e+00
0009679 009463 1.614232079630078392e-02 9.998648471343495325e-01 -3.197584958834762733e-03 -2.714471629089257476e+01 -9.996947145516588140e-01 1.619918447968252129e-02 1.863293375162194954e-02 6.231937125132773758e+01 1.868224218978877318e-02 2.895827755571273206e-03 9.998211321659660200e-01 -1.427158073735284916e+00
0009680 009464 1.799106311850354190e-02 9.998289041776796671e-01 -4.349538045927803243e-03 -2.829656424943004822e+01 -9.996644636099824011e-01 1.806875875721181135e-02 1.853443518410544805e-02 6.224331403537350127e+01 1.860988511080786945e-02 4.014623211623943345e-03 9.998186151912121788e-01 -1.460856515822385404e+00
0009681 009465 2.018953422692562269e-02 9.997766897638545869e-01 -6.278542619460111482e-03 -2.955856134669102175e+01 -9.996033331871280181e-01 2.030845098110388436e-02 1.948899013745475015e-02 6.215271881888543248e+01 1.961217460006407093e-02 5.882578820452029518e-03 9.997902111107892509e-01 -1.586847504361259098e+00
0009682 009466 2.237511226288227059e-02 9.997219723279813230e-01 -7.469760373548357812e-03 -3.073186941416861373e+01 -9.995504724724992851e-01 2.251901726457083974e-02 1.976924031354205039e-02 6.206178907245177356e+01 1.993198456694622589e-02 7.024064835312574320e-03 9.997765184685629691e-01 -1.650232519106324958e+00
0009683 009467 2.485787379686217949e-02 9.996673322922315919e-01 -6.920569403408564912e-03 -3.200991043079829979e+01 -9.994804067242990531e-01 2.499401920982072256e-02 2.033249577998649457e-02 6.195813467445745459e+01 2.049873013204337596e-02 6.411551579527692037e-03 9.997691746022218107e-01 -1.677036926983276999e+00
0009684 009468 2.727281810937642187e-02 9.996115741681849132e-01 -5.785921718525240467e-03 -3.319821579494055186e+01 -9.994158425006186564e-01 2.738574005131982556e-02 2.042521554365225867e-02 6.185658332165704110e+01 2.057575913940617313e-02 5.225488370517050556e-03 9.997744949863768271e-01 -1.652712225677085200e+00
0009685 009469 3.001136270710614423e-02 9.995377870818533683e-01 -4.913443436201355395e-03 -3.449433946662247763e+01 -9.993313329388558985e-01 3.010710088821789976e-02 2.072856094379798772e-02 6.173839979646103870e+01 2.086693416345885080e-02 4.288064639140553268e-03 9.997729202153194938e-01 -1.649251115248276278e+00
0009686 009470 3.243603420812529725e-02 9.994648530130607611e-01 -4.280439709876534757e-03 -3.568544263472722378e+01 -9.992544781321525127e-01 3.251827392137503908e-02 2.078637117363097211e-02 6.162952142976718051e+01 2.091446959582544951e-02 3.603019380766245196e-03 9.997746304267953743e-01 -1.636316535694106733e+00
0009687 009471 3.494132094604963934e-02 9.993797843907993306e-01 -4.439238279976685797e-03 -3.696950540127636486e+01 -9.991651840691252451e-01 3.502716917941592345e-02 2.100479842759160956e-02 6.151282308574582203e+01 2.114729082156967602e-02 3.701595452406525669e-03 9.997693727712614331e-01 -1.664494556629350086e+00
0009688 009472 3.769966126179304794e-02 9.992809193655091127e-01 -4.113949891914015292e-03 -3.826918342438966647e+01 -9.990708159039706215e-01 3.777711236514855880e-02 2.072566054939100830e-02 6.138253427612340829e+01 2.086619667478817330e-02 3.328775085790000934e-03 9.997765898079661318e-01 -1.642733893736611606e+00
0009689 009473 4.041770289415591577e-02 9.991735208621040920e-01 -4.368453570644901564e-03 -3.948102165730870183e+01 -9.989594449632223094e-01 4.050067640347728565e-02 2.094601519083707022e-02 6.125220145555681484e+01 2.110565891498414684e-02 3.517316312091927320e-03 9.997709178056620738e-01 -1.674333209206274375e+00
0009690 009474 4.280391091600199011e-02 9.990676094341661706e-01 -5.688943158771038976e-03 -4.067423368161416874e+01 -9.988529053539585423e-01 4.291561364863192424e-02 2.122181266156937182e-02 6.113059484095461471e+01 2.144619399989837819e-02 4.774040294576273324e-03 9.997584597136580653e-01 -1.752457874969138629e+00
0009691 009475 4.516293662916052304e-02 9.989564333532314766e-01 -6.842561961637731727e-03 -4.186655041086214624e+01 -9.987370339198397007e-01 4.530176289494901309e-02 2.170644659129866011e-02 6.100749787180700423e+01 2.199380231652675252e-02 5.853593405601950281e-03 9.997408247088335198e-01 -1.839746832413197808e+00
0009692 009476 4.761353185040483743e-02 9.988442873968337299e-01 -6.599787033122725237e-03 -4.315087207909164135e+01 -9.986140870866347941e-01 4.774875062140589849e-02 2.211546500452185593e-02 6.087655449065690050e+01 2.240506364487958313e-02 5.537644929239225050e-03 9.997334925478579271e-01 -1.863905115642346288e+00
0009693 009477 5.021845218807532985e-02 9.987237210335710991e-01 -5.433229768050448251e-03 -4.444482449531551538e+01 -9.984871375186100684e-01 5.032701551472908152e-02 2.212980187883019367e-02 6.073694043942089138e+01 2.237502335533013420e-02 4.313684586970935320e-03 9.997401957327418653e-01 -1.822096096422498590e+00
0009694 009478 5.244586083546191879e-02 9.986112303891886421e-01 -5.063110359578718370e-03 -4.562863787730293552e+01 -9.983728819173015578e-01 5.254562024755322219e-02 2.213044219758545511e-02 6.061194364744403629e+01 2.236577663586536771e-02 3.894220807054954003e-03 9.997421245471962425e-01 -1.810998964995654603e+00
0009695 009479 5.498468488816439514e-02 9.984699468631578201e-01 -5.903019405147221128e-03 -4.691998253347537684e+01 -9.982461446353714241e-01 5.510028032423487654e-02 2.162424038708389562e-02 6.046677594956236135e+01 2.191644172820187558e-02 4.703663487825939654e-03 9.997485952034804724e-01 -1.829066542186701838e+00
0009696 009480 5.737641336052590191e-02 9.983304640471228897e-01 -6.689908866403494574e-03 -4.811455242037845892e+01 -9.981199297776868207e-01 5.750634979384991463e-02 2.118413007890177294e-02 6.032709145651915605e+01 2.153350109417729794e-02 5.461861913615700601e-03 9.997530619411069130e-01 -1.849872659253811946e+00
0009697 009481 5.981807546668412717e-02 9.981855303990857520e-01 -6.920838544811330935e-03 -4.939941602731232706e+01 -9.979919754429702472e-01 5.994819514084072376e-02 2.042801162322589043e-02 6.018106437059702785e+01 2.080586606373852759e-02 5.684977116294637894e-03 9.997672256057792417e-01 -1.825203327887415128e+00
0009698 009482 6.233520332069927838e-02 9.980315805637214321e-01 -6.913632716301985892e-03 -5.068860296925231523e+01 -9.978365771769764914e-01 6.246497942994942015e-02 2.047983603291795435e-02 6.002816575581675806e+01 2.087141014148596527e-02 5.622060928816569568e-03 9.997662152221234999e-01 -1.836706547186444993e+00
0009701 009484 6.703403765039804563e-02 9.977269445024677941e-01 -6.919903399094744050e-03 -5.306883788320828899e+01 -9.975507426635296104e-01 6.715775562774713159e-02 1.953143247173325797e-02 5.973480530738760308e+01 1.995178942746010653e-02 5.593684030084076532e-03 9.997851495085310347e-01 -1.798411920235764683e+00
0009702 009485 6.940764109172287144e-02 9.975644502845874007e-01 -6.938044160832703908e-03 -5.434728809412536066e+01 -9.973990569356276925e-01 6.952818485206965771e-02 1.897275324626392784e-02 5.958075193985001761e+01 1.940896474966205196e-02 5.603144836097160263e-03 9.997957817473402953e-01 -1.776327524786609047e+00
0009703 009486 7.149995882154511206e-02 9.974076693575780750e-01 -8.140683683078565186e-03 -5.552028673792210611e+01 -9.972584040014212947e-01 7.164041238850528404e-02 1.850742033384846982e-02 5.943990044780940707e+01 1.904267134635720393e-02 6.795086301706383496e-03 9.997954349798171547e-01 -1.823524947080784386e+00
0009704 009487 7.397997239537823511e-02 9.972074429945370078e-01 -1.023353110698628152e-02 -5.680401673424694309e+01 -9.970868934769850922e-01 7.415412249196454142e-02 1.783153936760601549e-02 5.927242855662314014e+01 1.854063239535171104e-02 8.884545925675994826e-03 9.997884866801236559e-01 -1.914275315849621961e+00
0009705 009488 7.616570008597439712e-02 9.970401588742955346e-01 -1.049477089568167168e-02 -5.798142754212949512e+01 -9.969255402650134545e-01 7.634248281843547534e-02 1.761677862846975501e-02 5.912225587653995262e+01 1.836586318402481238e-02 9.120714103092361288e-03 9.997895858317036311e-01 -1.927361769653472834e+00
