0010509 010292 9.980906894875994917e-01 -5.751021166733488732e-02 -2.252325441808088191e-02 3.397197739166955444e+01 5.788281424162173422e-02 9.981907037241837255e-01 1.625501025413524786e-02 6.439324966283493268e+00 2.154767775517032677e-02 -1.752767368844004858e-02 9.996146116110692370e-01 -2.875674211559768878e-01
0010510 010293 9.981323060279588821e-01 -5.673924732642789126e-02 -2.262791510067073755e-02 3.333237604837961499e+01 5.710808629753840598e-02 9.982392993384487934e-01 1.600041842921662988e-02 6.397857944362840499e+00 2.168023157341580215e-02 -1.726276449591407358e-02 9.996163554202436297e-01 -2.886930110029481966e-01
0010511 010294 9.981801533143379590e-01 -5.614438352920582409e-02 -2.200095459793808758e-02 3.269198489597641810e+01 5.649680547413251513e-02 9.982784567590071712e-01 1.573742486506275046e-02 6.361599460788056604e+00 2.107951270463477925e-02 -1.695175811449200695e-02 9.996345260139012368e-01 -3.127621996382252689e-01
0010512 010295 9.982033420709065519e-01 -5.554911526344620543e-02 -2.244323377947231302e-02 3.199789588795681539e+01 5.590958224102355462e-02 9.983108061358124674e-01 1.576542145924661811e-02 6.326192094475118211e+00 2.152957973173120695e-02 -1.699188291311189841e-02 9.996242527201346650e-01 -3.039646066013510506e-01
0010513 010296 9.982525580728353054e-01 -5.472248710857316456e-02 -2.229472997033931855e-02 3.135899731531037560e+01 5.509100633985023615e-02 9.983485468735784352e-01 1.626393760781843015e-02 6.284951438002281066e+00 2.136791129244947768e-02 -1.746374612199030896e-02 9.996195893724025838e-01 -3.152157160404485126e-01
0010514 010297 9.982905492338831621e-01 -5.414442827444045092e-02 -2.199247848655658949e-02 3.066521282244923441e+01 5.451012267736145278e-02 9.983782548637305521e-01 1.638279739625338183e-02 6.250744447815122840e+00 2.106978736787617351e-02 -1.755359897184761292e-02 9.996243438018551641e-01 -3.309670186968816097e-01
0010515 010298 9.983159831785337612e-01 -5.367347373649684200e-02 -2.199441467066509323e-02 3.002351589827929956e+01 5.404725564628977408e-02 9.983970879402848109e-01 1.676686165426872696e-02 6.221086628536795615e+00 2.105923438236274522e-02 -1.792735705959824094e-02 9.996179330114780548e-01 -3.392703168530175617e-01
0010516 010299 9.983453984046793961e-01 -5.320290742857151228e-02 -2.180778001199118465e-02 2.932856209296488714e+01 5.356998106594952624e-02 9.984256028406075512e-01 1.660771441658616399e-02 6.190003438471649133e+00 2.088987266995940076e-02 -1.774846828866606316e-02 9.996246788697941144e-01 -3.494327105585668392e-01
0010517 010300 9.983709910869607018e-01 -5.304361823935738185e-02 -2.101041853447602539e-02 2.868612448733887277e+01 5.338593037647784006e-02 9.984441121835609945e-01 1.608031547230203556e-02 6.168680491524355602e+00 2.012477553760238722e-02 -1.717577192988677462e-02 9.996503788003493485e-01 -3.731972679066188903e-01
0010518 010301 9.983885531580128925e-01 -5.296276370157085300e-02 -2.036968585219117375e-02 2.798943030954222877e+01 5.330346818503587519e-02 9.984406246175598909e-01 1.656264599614164917e-02 6.150400291452569945e+00 1.946072384325515936e-02 -1.762172164083455547e-02 9.996557651089195140e-01 -3.990767707944158360e-01
0010519 010302 9.984003722410289550e-01 -5.271541250003583534e-02 -2.042887137494829586e-02 2.729313139220295170e+01 5.305746536519524714e-02 9.984533946413857164e-01 1.657893862302589963e-02 6.128081018645389122e+00 1.952331817126997521e-02 -1.763631445689304786e-02 9.996542872473769270e-01 -4.037493952603838920e-01
0010520 010303 9.984020556030819282e-01 -5.263552566189012155e-02 -2.056124711278891487e-02 2.664973089665170392e+01 5.296461013700982240e-02 9.984711140157255249e-01 1.580167312479867706e-02 6.106648912204036606e+00 1.969808272416894573e-02 -1.686543002693917034e-02 9.996641618134053386e-01 -4.005331160461160778e-01
0010521 010304 9.984089467691948938e-01 -5.261291198578198214e-02 -2.027339142677935663e-02 2.600645060131182618e+01 5.293682416329651558e-02 9.984726578910052552e-01 1.578538116082972217e-02 6.088661101275647525e+00 1.941192002216438409e-02 -1.683346709592698290e-02 9.996702983205897342e-01 -4.128445517401360121e-01
0010522 010305 9.984061173649539933e-01 -5.238514069748360924e-02 -2.099581138082397269e-02 2.531105159550236294e+01 5.272625291696709376e-02 9.984799371709816018e-01 1.603557931090683966e-02 6.066342781319690403e+00 2.012387336478226041e-02 -1.711704064065971975e-02 9.996514043487529921e-01 -4.013472212696882480e-01
0010523 010306 9.983989596535592925e-01 -5.225077441754002322e-02 -2.165990913610270352e-02 2.466869169826179586e+01 5.259766809921184033e-02 9.984909863571680422e-01 1.576684459883256548e-02 6.046562486882066878e+00 2.080339745856662689e-02 -1.688085206325220730e-02 9.996415102696902810e-01 -3.890976549462585865e-01
0010524 010307 9.983852808169277893e-01 -5.244806039746539861e-02 -2.181016614335978820e-02 2.397159128369582959e+01 5.278816269148980944e-02 9.984878103981600361e-01 1.532102760421792491e-02 6.032818422612763243e+00 2.097363251482928237e-02 -1.644759870650555622e-02 9.996451754561909153e-01 -3.894548340980747980e-01
0010525 010308 9.983935068501044174e-01 -5.212539482363268833e-02 -2.220813645657061797e-02 2.333074350749222958e+01 5.248290455850287278e-02 9.984960534184142977e-01 1.583062935182781572e-02 6.009354267587696086e+00 2.134956042463012627e-02 -1.697073433385043115e-02 9.996284729810629432e-01 -3.889820659695359950e-01
0010526 010309 9.984127353303748897e-01 -5.206810694137797152e-02 -2.146522109839949649e-02 2.263576740591514636e+01 5.241719887747497975e-02 9.984962544233695336e-01 1.603374249784627129e-02 5.990387924020069477e+00 2.059809850807569828e-02 -1.713342882976473872e-02 9.996414644846915998e-01 -4.129266499269768076e-01
0010527 010310 9.984273131239983501e-01 -5.214747759833853608e-02 -2.056808306160071848e-02 2.199347262391376034e+01 5.247484471395442301e-02 9.984982008180336432e-01 1.571047128095159548e-02 5.974712717640613846e+00 1.971794120847650267e-02 -1.676506347733183744e-02 9.996654585568414131e-01 -4.353965699849773330e-01
0010528 010311 9.984448656999023175e-01 -5.193695224765267765e-02 -2.025873461289670954e-02 2.129855477669622132e+01 5.225686332559496827e-02 9.985117082813596001e-01 1.559429448964150255e-02 5.952405855463439366e+00 1.941866287548142320e-02 -1.662868923220302969e-02 9.996735946583394927e-01 -4.465136562213771754e-01
0010529 010312 9.984626080356613365e-01 -5.173036410848475680e-02 -1.990447010761365113e-02 2.060314132457307323e+01 5.204326997179918590e-02 9.985236572204256866e-01 1.553648441860764132e-02 5.930494470020676090e+00 1.907137971356388448e-02 -1.654848265345428351e-02 9.996816112298166912e-01 -4.585281571430854797e-01
0010530 010313 9.984650226751784485e-01 -5.157958705614087980e-02 -2.017464733495362428e-02 1.995994802389486722e+01 5.190121706371062654e-02 9.985276373078455503e-01 1.575668328278267971e-02 5.912190811723121442e+00 1.933222169492393450e-02 -1.677957517576365506e-02 9.996727487932516309e-01 -4.592609511514851306e-01
0010531 010314 9.984653658847885138e-01 -5.133709558609352713e-02 -2.076206778594776384e-02 1.931650439606556802e+01 5.167765666967320815e-02 9.985318229547720525e-01 1.621253292647815633e-02 5.892610645744753128e+00 1.989928704408785651e-02 -1.726057878438240836e-02 9.996534321263412792e-01 -4.561684086376835978e-01
0010532 010315 9.984610898144762325e-01 -5.106385221497500293e-02 -2.162609453430044959e-02 1.861930153497524998e+01 5.142241467172443264e-02 9.985426298654203059e-01 1.636106866539402752e-02 5.871024559729448811e+00 2.075912188446979098e-02 -1.744794639672483938e-02 9.996326933241124202e-01 -4.473546080254280355e-01
0010533 010316 9.984702343105070765e-01 -5.093542384885176716e-02 -2.149580340663507713e-02 1.797541167716542532e+01 5.128530689876827781e-02 9.985544794737786223e-01 1.605131471249552147e-02 5.852663256325286056e+00 2.064716284007320213e-02 -1.712917362815453981e-02 9.996405251945208459e-01 -4.540088329985181304e-01
0010534 010317 9.984889228641317116e-01 -5.071970934250824570e-02 -2.114976359084655075e-02 1.727802328405363141e+01 5.107507926542771692e-02 9.985563614027190837e-01 1.661445104147048560e-02 5.832579357841495948e+00 2.027655139711474069e-02 -1.766955913661667765e-02 9.996387055797988364e-01 -4.693668852277710357e-01
0010535 010318 9.985034490963428100e-01 -5.026871478080677247e-02 -2.152951442659177192e-02 1.663450969757082021e+01 5.063265548240049319e-02 9.985772037142617297e-01 1.670580833766157833e-02 5.809993796009621292e+00 2.065910949775962707e-02 -1.777089502107706900e-02 9.996290762075417113e-01 -4.682470785352350617e-01
0010536 010319 9.985068616245634798e-01 -5.014323287968694420e-02 -2.165646587732066031e-02 1.593487600626014000e+01 5.051102271478030009e-02 9.985819209307233990e-01 1.678281517603696579e-02 5.791622978564191726e+00 2.078422316094529279e-02 -1.785164075523384616e-02 9.996250439435206969e-01 -4.714951736286039363e-01
0010537 010320 9.985261064415282828e-01 -4.987894337359267266e-02 -2.137962089279211650e-02 1.528957035718167390e+01 5.024559634100814187e-02 9.985922032381250313e-01 1.696921275676251811e-02 5.772913071012226283e+00 2.050312723167835999e-02 -1.801842717765063731e-02 9.996278565289137275e-01 -4.821761677303371130e-01
0010538 010321 9.985318997465221225e-01 -4.952054616391130676e-02 -2.194821679310191356e-02 1.458915245627071045e+01 4.990400329643636390e-02 9.986042742942028427e-01 1.728112710075327754e-02 5.752514277251975727e+00 2.106181188569539522e-02 -1.835104757768608527e-02 9.996101903366384489e-01 -4.824704289349597275e-01
0010539 010322 9.985286654586511546e-01 -4.921622298218197161e-02 -2.276451578667665690e-02 1.388736687542564141e+01 4.961355445399120989e-02 9.986196124626344206e-01 1.723079526736173706e-02 5.732103908640056034e+00 2.188505672790179782e-02 -1.833485863254663215e-02 9.995928024534573852e-01 -4.755568657778752595e-01
0010540 010323 9.985299423710060074e-01 -4.895731765070116676e-02 -2.324672226654993928e-02 1.323894909722628199e+01 4.936676198476218358e-02 9.986289563697787752e-01 1.737771941537165354e-02 5.714191857287914900e+00 2.236409627615863760e-02 -1.849978298512611544e-02 9.995791607598896178e-01 -4.742178947458555172e-01
0010541 010324 9.985357481035379568e-01 -4.850848935702269105e-02 -2.393635126846573036e-02 1.259032829388490882e+01 4.893642739448698237e-02 9.986459472964631656e-01 1.762783624623131054e-02 5.694359554666334589e+00 2.304884540224535691e-02 -1.877337412988408158e-02 9.995585048069630663e-01 -4.729655542916830768e-01
0010542 010325 9.985418934685844627e-01 -4.819363573367872744e-02 -2.430487244670153854e-02 1.188669906445340985e+01 4.861767581144011557e-02 9.986693324277567951e-01 1.716776851692487088e-02 5.673595777032460319e+00 2.344516648125912969e-02 -1.832437713220762265e-02 9.995576195199399328e-01 -4.731252470954103728e-01
0010543 010326 9.985527083610832300e-01 -4.800255347122792116e-02 -2.424039007979064339e-02 1.123524563865629489e+01 4.842166367483963230e-02 9.986816217957419362e-01 1.700863376550753453e-02 5.655436204583565996e+00 2.339198538723923082e-02 -1.815777109776987863e-02 9.995619059140303797e-01 -4.775579884503713402e-01
0010544 010327 9.985781879550671425e-01 -4.748686455091340880e-02 -2.421395466611873590e-02 1.052945297619589837e+01 4.788260882973765370e-02 9.987239197296838844e-01 1.603380845180321299e-02 5.631929748918082623e+00 2.342166415991781686e-02 -1.717042920665080158e-02 9.995786589702136959e-01 -4.764537741613210642e-01
0010545 010328 9.986087074484987225e-01 -4.718237069976802950e-02 -2.353794367110548236e-02 9.875460752917774698e+00 4.754217101090630476e-02 9.987566583717600865e-01 1.496731417740030344e-02 5.611286347141685837e+00 2.280249163657511666e-02 -1.606552800585077379e-02 9.996113438311421406e-01 -4.812408196402770955e-01
0010546 010329 9.986375888678366008e-01 -4.684798904681784087e-02 -2.297667495869842522e-02 9.164681479173509615e+00 4.717668829624169224e-02 9.987883916890496483e-01 1.397797890663308659e-02 5.589260765102153528e+00 2.229400045458852092e-02 -1.504289078109284986e-02 9.996387260320568346e-01 -4.865198453475372276e-01
0010547 010330 9.986832101938666328e-01 -4.638508916204135690e-02 -2.189934497422714108e-02 8.506967037550339228e+00 4.667348602652207634e-02 9.988270363773504856e-01 1.284635407340834964e-02 5.567462067188898800e+00 2.127779089699183973e-02 -1.385155320342569378e-02 9.996780900689539173e-01 -4.938172180254518651e-01
0010548 010331 9.987228954246120116e-01 -4.617251051455256716e-02 -2.050873623136589829e-02 7.791164300874925175e+00 4.640888095109781813e-02 9.988594675873500028e-01 1.120223837961554537e-02 5.546160970035998616e+00 1.996811033438072175e-02 -1.213971191951209588e-02 9.997273607144084862e-01 -4.996462766720828341e-01
0010549 010332 9.988137774708695238e-01 -4.593712274549726499e-02 -1.611677422683425662e-02 7.058176232154096397e+00 4.608421755706515466e-02 9.988982541871344045e-01 8.879107261816572561e-03 5.530815871427876118e+00 1.569117032002737000e-02 -9.611317318048354444e-03 9.998305446816504460e-01 -4.335634350987933594e-01
0010550 010333 9.987954489686269310e-01 -4.562253240653236369e-02 -1.804778589335792605e-02 6.407277321556705374e+00 4.577964934374347677e-02 9.989158639498467718e-01 8.389687269880053908e-03 5.504294672395189991e+00 1.764547040444313167e-02 -9.205800274155186494e-03 9.998023727481299971e-01 -5.085603996863974352e-01
0010551 010334 9.988296495999980928e-01 -4.536213385337622278e-02 -1.677335630643548778e-02 5.740325939377214581e+00 4.547117853110691638e-02 9.989462108830694520e-01 6.177111977059156558e-03 5.483189537427278992e+00 1.647547891274503407e-02 -6.932584579244561486e-03 9.998406832490411844e-01 -5.083423045652644134e-01
0010552 010335 9.988947189076716748e-01 -4.492938930996145941e-02 -1.380567012308184759e-02 5.017134589984152626e+00 4.499564543116069820e-02 9.989766734774921941e-01 4.525835274503302655e-03 5.460985448584324331e+00 1.358820249431709135e-02 -5.142026489576065514e-03 9.998949016806045753e-01 -5.193933803570942587e-01
0010553 010336 9.989567923608511091e-01 -4.424435669372542290e-02 -1.129685358859108986e-02 4.348616305478117283e+00 4.432277889239915475e-02 9.989939204533156980e-01 6.787680777471666836e-03 5.444488314858972444e+00 1.098517644388954072e-02 -7.281304839123964485e-03 9.999135975580363267e-01 -5.468345264410796602e-01
0010554 010337 9.989843776434073064e-01 -4.388964694922764531e-02 -1.018000404001461086e-02 3.618364663884790389e+00 4.397507010922206000e-02 9.989975999259667061e-01 8.323963384566325160e-03 5.429155363214704266e+00 9.804471208062126922e-03 -8.763172344584437001e-03 9.999139829041737704e-01 -5.598561766562966113e-01
0010555 010338 9.989710327465457507e-01 -4.372958025766806450e-02 -1.201774680502056859e-02 2.938871398260403112e+00 4.382325818244744292e-02 9.990097542249605223e-01 7.644547812362500853e-03 5.412980583398166345e+00 1.167155860634203589e-02 -8.163335143982293832e-03 9.998990092696019572e-01 -5.514858149740433646e-01
0010556 010339 9.988720590624283746e-01 -4.364442007735589574e-02 -1.869577135160513728e-02 2.195681954890915222e+00 4.376990052538289738e-02 9.990210925704061662e-01 6.355259557851783252e-03 5.392570817913110659e+00 1.840010252127710980e-02 -7.166400669149542921e-03 9.998054675265884983e-01 -5.364620513812585756e-01
0010557 010340 9.987756456191099197e-01 -4.319746833187466245e-02 -2.409566157790470411e-02 1.512160619563701403e+00 4.338873006136885480e-02 9.990298227653339191e-01 7.471471016354046084e-03 5.377508265578399005e+00 2.374954603584881335e-02 -8.507801925916011129e-03 9.996821845660935901e-01 -5.460590751765206363e-01
0010558 010341 9.987346322784733665e-01 -4.256257568778008121e-02 -2.677622292374844115e-02 7.741033526225464811e-01 4.290579818854350913e-02 9.990019525212779916e-01 1.237639274124035377e-02 5.367744816721824463e+00 2.622273770002467655e-02 -1.350958311706566481e-02 9.995652818573542708e-01 -5.822657071833976516e-01
0010559 010342 9.987876818787072564e-01 -4.251730531380132350e-02 -2.480016377709576281e-02 9.076879141844074184e-02 4.292277949437020568e-02 9.989490140592329759e-01 1.605255378415550854e-02 5.358769179170849384e+00 2.409159372454439813e-02 -1.709757666971714954e-02 9.995639856537548162e-01 -6.089079890874096179e-01
0010560 010343 9.988848308243772900e-01 -4.293054531231648568e-02 -1.964383639257264239e-02 -6.525072562458831271e-01 4.325526307139328924e-02 9.989288957630680921e-01 1.641463494945521670e-02 5.343026522004947765e+00 1.891810971698228844e-02 -1.724601865143926549e-02 9.996727332325490156e-01 -6.070208226780273719e-01
0010561 010344 9.989451051044528906e-01 -4.277068707512898804e-02 -1.669943444445691483e-02 -1.340020024359830586e+00 4.303526647268986205e-02 9.989478651507051055e-01 1.581878383999774790e-02 5.328446985880873399e+00 1.600529317757796652e-02 -1.652075408289591443e-02 9.997358595968842687e-01 -5.983720054739265493e-01
0010562 010345 9.989624539916133195e-01 -4.235082139104329874e-02 -1.674727045025521666e-02 -2.089548978849506966e+00 4.263361022570791303e-02 9.989475617367283844e-01 1.690477369184945067e-02 5.314754881072985881e+00 1.601371419200999305e-02 -1.760121786040265424e-02 9.997172859123536481e-01 -6.059216647683527412e-01
0010563 010346 9.989517237496748914e-01 -4.209775789915364691e-02 -1.796657873809449565e-02 -2.786054971886130716e+00 4.243651684377741651e-02 9.989197837539514069e-01 1.890906893001214825e-02 5.304136806174028607e+00 1.715114965218583754e-02 -1.965167647673624757e-02 9.996602138577322938e-01 -6.261599755378099985e-01
0010564 010347 9.989315749167696490e-01 -4.206473316190495471e-02 -1.913033231718879595e-02 -3.544437204890584781e+00 4.245949469073159038e-02 9.988829681145544592e-01 2.071931033713203182e-02 5.291461636637905031e+00 1.823741634781524817e-02 -2.150942519649970408e-02 9.996027384083014944e-01 -6.476070793513954982e-01
0010565 010348 9.989277033395276284e-01 -4.201650442247641809e-02 -1.943863844175931083e-02 -4.246180667778105544e+00 4.243029559934577422e-02 9.988701717743907471e-01 2.138769574933006845e-02 5.278211560573254246e+00 1.851804355385529288e-02 -2.218953489019074438e-02 9.995827128967281761e-01 -6.573265691228300511e-01
0010566 010349 9.989092980765564844e-01 -4.211428753219752241e-02 -2.016115553676443503e-02 -5.010772589771761432e+00 4.253843763604497202e-02 9.988718863855521324e-01 2.109234060732207913e-02 5.261168914242261962e+00 1.925012476320943355e-02 -2.192694447942383773e-02 9.995746771128151131e-01 -6.634862883371255293e-01
0010567 010350 9.988807011911965406e-01 -4.200011537441515619e-02 -2.174592640260443466e-02 -5.719353580619895183e+00 4.246792064741211625e-02 9.988656802745879970e-01 2.151646893518038145e-02 5.247399589731685410e+00 2.081757300369890817e-02 -2.241587878662840150e-02 9.995324158054201824e-01 -6.785708227390614411e-01
0010568 010351 9.988585314055102859e-01 -4.191358178888891783e-02 -2.289312392177319036e-02 -6.489317932128926714e+00 4.241070284633272763e-02 9.988644366110317474e-01 2.167852637145341668e-02 5.232852595246185956e+00 2.195851654362421246e-02 -2.262468773950711623e-02 9.995032967346706432e-01 -6.944548495007509814e-01
0010569 010352 9.988595760995849782e-01 -4.210933062195866550e-02 -2.249970331162259168e-02 -7.262065230011330641e+00 4.258539054148549607e-02 9.988694095522012706e-01 2.111520716935442327e-02 5.214977298811390938e+00 2.158511921488521362e-02 -2.204927045959371307e-02 9.995242896234936003e-01 -6.971077559246197097e-01
0010570 010353 9.988977342647844537e-01 -4.210022821103429763e-02 -2.074193020478316482e-02 -7.976193819657225959e+00 4.253629074914713065e-02 9.988725998645978654e-01 2.105025813535754339e-02 5.200581183828944631e+00 1.983233670220295800e-02 -2.190933176645286015e-02 9.995636812432924234e-01 -6.877831832621694730e-01
0010571 010354 9.989510716893256204e-01 -4.205730113186217228e-02 -1.810086066692722165e-02 -8.691471186895796563e+00 4.243272785378428280e-02 9.988807260391555642e-01 2.088156835669461101e-02 5.187084959594358224e+00 1.720238423055311938e-02 -2.162772157402680084e-02 9.996185337480600896e-01 -6.667293435974315230e-01
0010572 010355 9.989600814854430189e-01 -4.230028217173317784e-02 -1.699181477426485801e-02 -9.471622104646883145e+00 4.263831919130611076e-02 9.988888010718393051e-01 2.004985473211771951e-02 5.168878390925783606e+00 1.612483198934809570e-02 -2.075349992116015327e-02 9.996550282233136464e-01 -6.552864839246055340e-01
0010573 010356 9.989514626344155879e-01 -4.232831449763845705e-02 -1.743833393595317985e-02 -1.019539809069141256e+01 4.266343623231085014e-02 9.989024655160206878e-01 1.931532284324006740e-02 5.153174680554002407e+00 1.660161388340525637e-02 -2.003903680278691993e-02 9.996618012708149426e-01 -6.617597715406162706e-01
0010574 010357 9.989391070761015623e-01 -4.229185513814920361e-02 -1.821230368313355580e-02 -1.098206711468026242e+01 4.262304958814354394e-02 9.989250894708174844e-01 1.819751532215987955e-02 5.136575696984436945e+00 1.742312736855562358e-02 -1.895446385713068019e-02 9.996689734437452790e-01 -6.720071813365748881e-01
0010575 010358 9.989147235898990784e-01 -4.240344759089288706e-02 -1.925833826824726105e-02 -1.171102791044489777e+01 4.273778234465620829e-02 9.989362134742375554e-01 1.729346416227170447e-02 5.119589985817583511e+00 1.850455692705365793e-02 -1.809774613436179735e-02 9.996654172826512363e-01 -6.860942288870717221e-01
0010576 010359 9.989581706731924804e-01 -4.236283155600022166e-02 -1.695315394109702181e-02 -1.249815911587933215e+01 4.266562814110206464e-02 9.989282713227496391e-01 1.791586640138426514e-02 5.105867489121010294e+00 1.617602825804457037e-02 -1.862051041490752831e-02 9.996962069884556268e-01 -6.690265534061268227e-01
0010577 010360 9.990410097826084579e-01 -4.252093480342489934e-02 -1.043265301551517428e-02 -1.322215772166941861e+01 4.269312046336409122e-02 9.989453743568813548e-01 1.687677561642103932e-02 5.091004657829216740e+00 9.704040540262156775e-03 -1.730598320538108761e-02 9.998035948513674942e-01 -5.853573128276678972e-01
0010578 010361 9.990704750509455945e-01 -4.270536091363227871e-02 -5.835366403830758580e-03 -1.401286817717851818e+01 4.277965797052409036e-02 9.989961082222778010e-01 1.326158368206177378e-02 5.068603535935835680e+00 5.263177671478830831e-03 -1.349888563496006062e-02 9.998954810017748329e-01 -5.043078329784780323e-01
0010579 010362 9.990916785287742297e-01 -4.230444426052137191e-02 -5.101826115431517053e-03 -1.480639711032125660e+01 4.235629221394360960e-02 9.990468972636172840e-01 1.052129732735484526e-02 5.054798985469460604e+00 4.651872959035072315e-03 -1.072782953503408077e-02 9.999320815673518048e-01 -4.756860618370672977e-01
0010580 010363 9.990476452064961377e-01 -4.178004814656737648e-02 -1.257306300113238823e-02 -1.554585565958279858e+01 4.192610146222462697e-02 9.990532590009028047e-01 1.158528375219437107e-02 5.049363778951374115e+00 1.207713062665334222e-02 -1.210138329561871728e-02 9.998542860760502027e-01 -6.033253802070230876e-01
0010581 010364 9.988737345594945749e-01 -4.118885287121573646e-02 -2.353943624898669623e-02 -1.628753322799178704e+01 4.150378008417013320e-02 9.990525901887917781e-01 1.304996847727479641e-02 5.045751216894132085e+00 2.297963263424791097e-02 -1.401224216950780650e-02 9.996381781252573484e-01 -8.081883545378438782e-01
0010582 010365 9.987281862320750436e-01 -4.158152747137849187e-02 -2.850578556076554387e-02 -1.709154024462873167e+01 4.190467147260056729e-02 9.990624638655902778e-01 1.083346157866969285e-02 5.018708559123297164e+00 2.802859372262291732e-02 -1.201420413437079629e-02 9.995353672155347091e-01 -9.026661317425457298e-01
0010583 010366 9.987735605979470854e-01 -4.201382831668672851e-02 -2.618128238905071542e-02 -1.783042290780480243e+01 4.222433481359814944e-02 9.990791196303736577e-01 7.539486449127623738e-03 4.993147526969551109e+00 2.584042353753905966e-02 -8.635726507745506916e-03 9.996292264720888499e-01 -8.544947071811126449e-01
0010584 010367 9.989534136183753077e-01 -4.151684551005156015e-02 -1.918840594495509547e-02 -1.862510260090994052e+01 4.166169206261565588e-02 9.991054251284743337e-01 7.210962549872384185e-03 4.987853023070783820e+00 1.887186798934094301e-02 -8.002833870886651851e-03 9.997903286127677314e-01 -7.233420754540986763e-01
0010585 010368 9.990513225936872299e-01 -4.115946791991356712e-02 -1.422533645909585670e-02 -1.936070129505725390e+01 4.128695206401154089e-02 9.991084867467696640e-01 8.786677595739511223e-03 4.983614828616737213e+00 1.385100086656245941e-02 -9.365657224168842665e-03 9.998606544170496324e-01 -6.335603333001680326e-01
0010586 010369 9.990526980574475635e-01 -4.119472334457163765e-02 -1.401813651405547055e-02 -2.016440162363659283e+01 4.133376289964420941e-02 9.990972505621201760e-01 9.777019277955713641e-03 4.969487927070076694e+00 1.360272496963788220e-02 -1.034717472176482043e-02 9.998543873143997951e-01 -6.380194760201588489e-01
0010587 010370 9.990232019581768430e-01 -4.133317761114767286e-02 -1.560936144487661686e-02 -2.090818475631562023e+01 4.148450692948566637e-02 9.990935110616502302e-01 9.498045765720880898e-03 4.951215502815102809e+00 1.520263804784104111e-02 -1.013631192981418426e-02 9.998335006059108077e-01 -6.779025862047987072e-01
0010588 010371 9.989972733144604211e-01 -4.174858931885964963e-02 -1.617001954246952145e-02 -2.171367730827807918e+01 4.188242352772559435e-02 9.990900677293002019e-01 8.027746774184779319e-03 4.924198349391190277e+00 1.582016012362930449e-02 -8.696931997850583171e-03 9.998374767438328314e-01 -6.937796114541967540e-01
0010589 010372 9.989983983875148077e-01 -4.248416955102287534e-02 -1.403828765169317164e-02 -2.251809182682859500e+01 4.258264670570123533e-02 9.990695439506395159e-01 6.791317773880149906e-03 4.889241085174944601e+00 1.373670744075032764e-02 -7.382300274107251280e-03 9.998788419419125661e-01 -6.486556684143902629e-01
0010590 010373 9.989878674593267727e-01 -4.309896756637116716e-02 -1.285479899694208158e-02 -2.326010299767193601e+01 4.318940329991188820e-02 9.990430279454963758e-01 6.841731603506759525e-03 4.860307373091927730e+00 1.254763554251604740e-02 -7.389996285050203298e-03 9.998944138539954674e-01 -6.257744429083622606e-01
0010591 010374 9.989504803848581194e-01 -4.395385313517872344e-02 -1.286030539741731329e-02 -2.400282932112008893e+01 4.404276203063357126e-02 9.990065767839445554e-01 6.713045300231955566e-03 4.825115117620953242e+00 1.255247748069274714e-02 -7.272402150091578782e-03 9.998952152771762858e-01 -6.297158143603258651e-01
0010592 010375 9.988962119344588775e-01 -4.481764270633709774e-02 -1.405950733665348694e-02 -2.480581988648816605e+01 4.491865613160207077e-02 9.989662116662184621e-01 6.952323135336731241e-03 4.787975037836076808e+00 1.373338871900583145e-02 -7.576179841097383308e-03 9.998774372814300815e-01 -6.693849820616026847e-01
0010593 010376 9.988362434515386523e-01 -4.568667436300410944e-02 -1.544803549009214107e-02 -2.554630313267091424e+01 4.578193479061770654e-02 9.989338816328254822e-01 5.869352712826465812e-03 4.749034456263871107e+00 1.516342008313456037e-02 -6.569761083868051743e-03 9.998638922249598604e-01 -7.095068059583908848e-01
0010594 010377 9.987911555780681905e-01 -4.659358878284710487e-02 -1.564968585027711606e-02 -2.634528412023570354e+01 4.667716158090759460e-02 9.988970400232100033e-01 5.017289955565046658e-03 4.707843772524029191e+00 1.539865841438265923e-02 -5.741706660954574992e-03 9.998653950285234515e-01 -7.196530637066089753e-01
0010595 010378 9.987587603927836621e-01 -4.737846227101975144e-02 -1.534356876713871380e-02 -2.707954537874854850e+01 4.744335809401519638e-02 9.988657366174443775e-01 3.892662591692167776e-03 4.670046511057989846e+00 1.514175187746261836e-02 -4.615782348995445088e-03 9.998751501904046268e-01 -7.131770472706833175e-01
0010596 010379 9.987306954038083218e-01 -4.810647643481860691e-02 -1.490431785490444611e-02 -2.787114246551806218e+01 4.817666412002846038e-02 9.988286782404495190e-01 4.385649683645109417e-03 4.633811964321466803e+00 1.467589407447387854e-02 -5.098123529875385300e-03 9.998797534392651620e-01 -7.116351875825905893e-01
0010597 010380 9.987002145878350889e-01 -4.880390206723349278e-02 -1.467261422989753206e-02 -2.860020995398480181e+01 4.887952276909009880e-02 9.987923599144159503e-01 4.839301080952785120e-03 4.599851081186898227e+00 1.441873296594757027e-02 -5.550201937449626005e-03 9.998810876609135478e-01 -7.146219062590581927e-01
0010598 010381 9.986647673075047527e-01 -4.972038693929187875e-02 -1.399669831767490040e-02 -2.938858841353362550e+01 4.977831934716595019e-02 9.987524437815509248e-01 3.820557493069720503e-03 4.555075105903597432e+00 1.378928984726717974e-02 -4.512188913610735985e-03 9.998951893684765446e-01 -6.976028587009572846e-01
0010599 010382 9.986175236679859513e-01 -5.078626248083539102e-02 -1.355075686453989514e-02 -3.005662069721847729e+01 5.081576258543246682e-02 9.987060509331207037e-01 1.840660121063438610e-03 4.505868670358722738e+00 1.343974707330485366e-02 -2.526708240802074800e-03 9.999069371967350683e-01 -6.827309247584807395e-01
0010600 010383 9.985012918587372610e-01 -5.295435967764482166e-02 -1.379246339307677385e-02 -3.090839826429242976e+01 5.297299439155115502e-02 9.985948585019307489e-01 9.882274675203737025e-04 4.419476972863776609e+00 1.372076702252590305e-02 -1.717376750376922116e-03 9.999048381059708612e-01 -6.956028441485031522e-01
0010601 010384 9.983435887080769344e-01 -5.619314786222512348e-02 -1.233542805922843537e-02 -3.164133145098526256e+01 5.620812842145722632e-02 9.984183610538299725e-01 8.699138034988106085e-04 4.303363490343144804e+00 1.226704071329966401e-02 -1.561825791218168650e-03 9.999239843785040494e-01 -6.571236459007465669e-01
0010602 010385 9.980185505002256985e-01 -6.199172170327488934e-02 -1.074757193045332640e-02 -3.244217098134328126e+01 6.200787596239362015e-02 9.980745136975269771e-01 1.174894994276391366e-03 4.101926812341844197e+00 1.065405431595349214e-02 -1.839002822235393225e-03 9.999419999794108005e-01 -6.164041758342264643e-01
0010603 010386 9.976655191177251636e-01 -6.748113765165907052e-02 -1.047252518149546785e-02 -3.318049505178777281e+01 6.749110303510910680e-02 9.977194190165888932e-01 5.993648303684455695e-04 3.905772111532314739e+00 1.040820071089170774e-02 -1.304769606692757992e-03 9.999454290480266350e-01 -6.115992652984374445e-01
0010604 010387 9.972851720057430702e-01 -7.272473331316461898e-02 -1.152592811033115519e-02 -3.397626312383681579e+01 7.272969446477428601e-02 9.973512028101796378e-01 1.001030719042879745e-05 3.713230175501848862e+00 1.149468161628669667e-02 -8.482627428979435920e-04 9.999340212560434704e-01 -6.515105052386260809e-01
0010605 010388 9.969058960849302986e-01 -7.735505257869819407e-02 -1.395477775456525037e-02 -3.471080078157240223e+01 7.736840849961737487e-02 9.970022282476564968e-01 4.178242485668989597e-04 3.539794384314518538e+00 1.388062652957919654e-02 -1.496191791300338636e-03 9.999029871563354099e-01 -7.452656324557764833e-01
0010606 010389 9.965066876647918903e-01 -8.190568183630919652e-02 -1.628796543153813656e-02 -3.550334396886228205e+01 8.193905859620680132e-02 9.966358703602392621e-01 1.390308549203391137e-03 3.365608446513761010e+00 1.611930761988689120e-02 -2.720073801010146168e-03 9.998668227240211648e-01 -8.435258410238652971e-01
0010607 010390 9.961716300311316274e-01 -8.576473766813429156e-02 -1.691095277258792759e-02 -3.623340414043559576e+01 8.580354140991409972e-02 9.963103564013885416e-01 1.580140161546780787e-03 3.212359518963239680e+00 1.671304683951276016e-02 -3.025111580449862253e-03 9.998561980690338080e-01 -8.770852449428332420e-01
0010608 010391 9.958773461398717775e-01 -8.918755070790577999e-02 -1.652990242054161799e-02 -3.702269592745966520e+01 8.922250378949127259e-02 9.960102166705980808e-01 1.386667219651596021e-03 3.070134188988959068e+00 1.634029073231664173e-02 -2.855791338535875433e-03 9.998628573026577815e-01 -8.698085905913970350e-01
0010609 010392 9.957000669836650886e-01 -9.150210238138328789e-02 -1.442787311097144289e-02 -3.781159284372176899e+01 9.152345518064095020e-02 9.958020810087673258e-01 8.239887733719810379e-04 2.966589986197504913e+00 1.429192071510975402e-02 -2.140936227559081789e-03 9.998960203382895040e-01 -7.948203934187816344e-01
0010610 010393 9.955419657173635306e-01 -9.333583109800921984e-02 -1.358785691075871035e-02 -3.854259780197037344e+01 9.334861495825257094e-02 9.956332355129168254e-01 3.068387462218217262e-04 2.879925890651065856e+00 1.349988396639565866e-02 -1.573879638995057204e-03 9.999080808502555096e-01 -7.672592687984476356e-01
0010611 010394 9.954356092289643465e-01 -9.448486003484735107e-02 -1.343124253499898731e-02 -3.927581243102912367e+01 9.450306402213259904e-02 9.955240181056619342e-01 7.243018936705738521e-04 2.819700905293757387e+00 1.330269317965307105e-02 -1.990290581376347699e-03 9.999099815537217939e-01 -7.693717738344858503e-01
0010612 010395 9.954609991089640175e-01 -9.426085814995736889e-02 -1.310732304496699425e-02 -4.007098104505627134e+01 9.429004711406895056e-02 9.955429906520706362e-01 1.624180385464176878e-03 2.812503852367626678e+00 1.289581692292191863e-02 -2.852699471968153568e-03 9.999132232955089128e-01 -7.663029884077410259e-01
0010613 010396 9.955988470683926339e-01 -9.290148243766803426e-02 -1.232477183242135926e-02 -4.080641272661472385e+01 9.294314605147795116e-02 9.956669569146089360e-01 2.849065920866443013e-03 2.852223228302136704e+00 1.200669346511389242e-02 -3.982029906233836014e-03 9.999204352665402862e-01 -7.453902630656905615e-01
0010614 010397 9.958886073240116321e-01 -8.994439235504013419e-02 -1.073012089565792901e-02 -4.160056579323759252e+01 8.998512181787270137e-02 9.959368128031169665e-01 3.372633894774901189e-03 2.956562600301367638e+00 1.038318748269519316e-02 -4.324319783028658486e-03 9.999371899196232150e-01 -6.888678146046522954e-01
0010615 010398 9.963092788828826762e-01 -8.545404522507449308e-02 -8.077127792235403933e-03 -4.233160288112179614e+01 8.548606298583671936e-02 9.963321837350415100e-01 3.702644036414187365e-03 3.128413893598008144e+00 7.731103049490344568e-03 -4.379459944793040287e-03 9.999609714918337167e-01 -5.846561125053142405e-01
0010616 010399 9.969302566221284190e-01 -7.809882160942087370e-02 -5.533327516100996352e-03 -4.311962545363007848e+01 7.812723669989765640e-02 9.969300469415692811e-01 5.116587980083430777e-03 3.425389010984872584e+00 5.116746302697794922e-03 -5.533183221429319870e-03 9.999720480636017372e-01 -4.856036528491429749e-01
0010617 010400 9.976320395000134456e-01 -6.864101169619547804e-02 -4.300782863628690653e-03 -4.384079864962995998e+01 6.866821301282739765e-02 9.976178609141763687e-01 6.529415699601053523e-03 3.820884771718738193e+00 3.842360565836117504e-03 -6.809279243788671221e-03 9.999698815728882417e-01 -4.427664235712853724e-01
0010618 010401 9.983946389043720782e-01 -5.645056355808349829e-02 -4.567264415558038200e-03 -4.461586851868776193e+01 5.648207315656989663e-02 9.983779230163394303e-01 7.089407792851948852e-03 4.339973454053506430e+00 4.159668049482725255e-03 -7.335994006863405005e-03 9.999648865769099615e-01 -4.664668038728372323e-01
0010619 010402 9.990869713161927290e-01 -4.233755525397614461e-02 -5.690007804018906538e-03 -4.537992515786856984e+01 4.237980227799539867e-02 9.990728726696544992e-01 7.519826366507709019e-03 4.953333662302611629e+00 5.366371321959261323e-03 -7.754099639848421183e-03 9.999559840585816595e-01 -5.321689804102902599e-01
0010620 010403 9.995767932556133273e-01 -2.836264225673848852e-02 -6.434019826489801967e-03 -4.607594350884940582e+01 2.840632494473178601e-02 9.995729070814238781e-01 6.801787815181477119e-03 5.571694955040584318e+00 6.238365226618836600e-03 -6.981674365896742805e-03 9.999566156087484892e-01 -5.732298660861481210e-01
0010621 010404 9.998734255885495248e-01 -1.392514251224680026e-02 -7.648653962382628499e-03 -4.676574048093121405e+01 1.397536364092323916e-02 9.998803018200188575e-01 6.551940552122292351e-03 6.220484003309138643e+00 7.556515938419870217e-03 -6.658003423336157807e-03 9.999497308012718078e-01 -6.389441770996384662e-01
0010622 010405 9.999622446576142965e-01 2.218579431677802048e-03 -8.369185061683111215e-03 -4.750394841146113123e+01 -2.165999132763352444e-03 9.999774105909304822e-01 6.286548952334655889e-03 6.958911217945569661e+00 8.382954831094231382e-03 -6.268183103434042669e-03 9.999456635437142804e-01 -6.826806305006982711e-01
0010623 010406 9.998106320924247115e-01 1.701932527412932869e-02 -9.429613802924723120e-03 -4.818179977155206473e+01 -1.696471642600108284e-02 9.998387502729653153e-01 5.841665581263416965e-03 7.645284515757339250e+00 9.527519628569652843e-03 -5.680586989150936128e-03 9.999389238439418959e-01 -7.397881404430322050e-01
0010624 010407 9.993897640609449295e-01 3.310599678412366048e-02 -1.111197112682617977e-02 -4.890909516932379830e+01 -3.303876430103130923e-02 9.994344378856029332e-01 6.181153883935382350e-03 8.404121296624907700e+00 1.131033219885939356e-02 -5.810255813464216407e-03 9.999196024701202390e-01 -8.343057927850061617e-01
0010625 010408 9.987656009249297195e-01 4.770998394576960594e-02 -1.382112307581521461e-02 -4.957710236939956872e+01 -4.763403145839096436e-02 9.988479499953597518e-01 5.774360368201048727e-03 9.103064392780652270e+00 1.408069651927398684e-02 -5.108874987141161575e-03 9.998882574903789067e-01 -9.742923175395468149e-01
0010626 010409 9.979042238232279649e-01 6.276416056805431132e-02 -1.572682810620764857e-02 -5.030125137636932209e+01 -6.269557871511041713e-02 9.980206142282928017e-01 4.817890020284932608e-03 9.833899052101514826e+00 1.599809888280536233e-02 -3.821790777989742764e-03 9.998651653138159734e-01 -1.071878962622793807e+00
0010627 010410 9.970256428041831542e-01 7.561390084044132542e-02 -1.490461042139084799e-02 -5.097602897507732678e+01 -7.556953300571697674e-02 9.971339838353648899e-01 3.519729028493698373e-03 1.046516551302465814e+01 1.512803939138841931e-02 -2.382926652552078400e-03 9.998831722604334393e-01 -1.025082618424434600e+00
0010628 010411 9.960284853008317674e-01 8.820718445991442003e-02 -1.210754380493844588e-02 -5.171797351922640473e+01 -8.817537801471399261e-02 9.960997335496998284e-01 3.138722746021220533e-03 1.109308942819552612e+01 1.233718351609051217e-02 -2.058671187421296130e-03 9.999222219253295352e-01 -8.809363629159321363e-01
0010635 010418 9.912742744447387011e-01 1.293553745393629661e-01 -2.534111694485315092e-02 -5.728089033053430512e+01 -1.293987082339540517e-01 9.915922718290131055e-01 -6.970640447307529890e-05 1.317684784977063828e+01 2.511904268631128326e-02 3.348200994567197657e-03 9.996793070778492440e-01 -1.604790684846697957e+00
0010636 010419 9.913595372426585728e-01 1.286033205399806645e-01 -2.582249289835504558e-02 -5.822464963488954481e+01 -1.286524871352949795e-01 9.916891735883831549e-01 -2.437910955121571136e-04 1.311495554664634255e+01 2.557654604324240827e-02 3.563807262216916148e-03 9.996669611908456377e-01 -1.636766568257776555e+00
0010637 010420 9.916288593134324758e-01 1.265658249491927456e-01 -2.555894916765914793e-02 -5.911998350643648337e+01 -1.266297828531199321e-01 9.919494222413652862e-01 -8.919337370420622833e-04 1.297685347647075105e+01 2.524029323466447233e-02 4.120985987505078330e-03 9.996733660619396833e-01 -1.618284274831474079e+00
0010638 010421 9.920965057044595081e-01 1.228362116529270742e-01 -2.560619108715782299e-02 -6.011529545814153153e+01 -1.229038750407817210e-01 9.924177311357827991e-01 -1.078595933678266547e-03 1.273477227790408506e+01 2.527954593677560549e-02 4.217165843149842629e-03 9.996719731023291367e-01 -1.627035071596246496e+00
0010639 010422 9.927284539638474570e-01 1.176833334064509157e-01 -2.530170797580141850e-02 -6.113555949160127057e+01 -1.177574043705467421e-01 9.930407860780772200e-01 -1.451540048587640500e-03 1.240135581679351162e+01 2.495481827892762766e-02 4.420442846757772527e-03 9.996792537932602807e-01 -1.611267180386754205e+00
