0011160 010946 -1.986158728449872925e-03 9.997733599501186230e-01 -2.120921412065903885e-02 7.414705214150285428e+01 -9.999850638234770717e-01 -1.879515494727478390e-03 5.046965313775433198e-03 5.428220264109813797e+01 5.005956940618563715e-03 2.121893949899867141e-02 9.997622694224135298e-01 -9.416262643770245688e-02
0011161 010947 -2.390509167191329654e-03 9.997916240616896433e-01 -2.029761752762175575e-02 7.318639307466287391e+01 -9.999894090837095906e-01 -2.312321724100891655e-03 3.874718375465303899e-03 5.423621366135967037e+01 3.827037514945628386e-03 2.030667412609534275e-02 9.997865933082262790e-01 -9.534571582570805504e-02
0011162 010948 -2.830225536702986756e-03 9.997785056096957224e-01 -2.086559360835038221e-02 7.231195260546064674e+01 -9.999821280161013126e-01 -2.721629843578397389e-03 5.231183893336080817e-03 5.417633254596398729e+01 5.173236057866008319e-03 2.088004629594152062e-02 9.997685530370317153e-01 -1.436889715649343202e-01
0011163 010949 -3.077746476968437096e-03 9.997661056355082732e-01 -2.142021850198241872e-02 7.135197098952585293e+01 -9.999809739019634991e-01 -2.964203235624608256e-03 5.330578652117961072e-03 5.413588722655367746e+01 5.265836167398084411e-03 2.143623498811747172e-02 9.997562988869114209e-01 -1.166066097273823488e-01
0011164 010950 -3.282369694878608472e-03 9.997537864039152122e-01 -2.195667930378593022e-02 7.046796271637094833e+01 -9.999787442118710512e-01 -3.159622990916263058e-03 5.622859557609199282e-03 5.410078673297198293e+01 5.552098855247381698e-03 2.197468855825283895e-02 9.997430598115164546e-01 -1.020189259739119336e-01
0011165 010951 -3.361911852920577461e-03 9.997609649596925774e-01 -2.161809920551186967e-02 6.950778373743355587e+01 -9.999792609202781124e-01 -3.243875530169298017e-03 5.492923403969566382e-03 5.407173426352233037e+01 5.421481449113070214e-03 2.163613407148448978e-02 9.997511608460645238e-01 -1.273960117777903633e-01
0011166 010952 -3.475353262728034676e-03 9.997720690098410579e-01 -2.107711977009446569e-02 6.862840103468784037e+01 -9.999791092177268137e-01 -3.361417403057778783e-03 5.438796068132587327e-03 5.404220493065690789e+01 5.366705968699167148e-03 2.109559995221672521e-02 9.997630081588595452e-01 -1.681733017355444559e-01
0011167 010955 -4.006200563394493076e-03 9.997476118932678846e-01 -2.211692149630361745e-02 6.587439314710627514e+01 -9.999752170580228361e-01 -3.878883112339707485e-03 5.796585086065848824e-03 5.394042202036848721e+01 5.709331671323046413e-03 2.213961561421969038e-02 9.997385354866719087e-01 -1.391612002075248711e-01
0011168 010956 -4.254198839339770263e-03 9.997561211076296805e-01 -2.169076511963575690e-02 6.501416520820475853e+01 -9.999802443106946548e-01 -4.154991758357412697e-03 4.616860505662522679e-03 5.391035587400074292e+01 4.525670847561626652e-03 2.170999018797691374e-02 9.997541868516551800e-01 -1.071923430467229821e-01
0011169 010957 -4.412881963651916518e-03 9.997555358194687436e-01 -2.167572952882361112e-02 6.408813981989214881e+01 -9.999756179335806960e-01 -4.296437397794909165e-03 5.415889119986448848e-03 5.386993285114499486e+01 5.321435957643999050e-03 2.169912154969281734e-02 9.997503332406444398e-01 -1.624010891105225340e-01
0011170 010958 -4.677165234671546573e-03 9.997815145005397586e-01 -2.039407171919999789e-02 6.323804466408341796e+01 -9.999812352002032112e-01 -4.597958888732677808e-03 3.929127993914134295e-03 5.383896281680722495e+01 3.834560469760185056e-03 2.041207812616555733e-02 9.997844180636483724e-01 -1.655453942603095641e-01
0011171 010959 -5.112999769818726142e-03 9.997739908401462872e-01 -2.064747875263235263e-02 6.233458086536938936e+01 -9.999703840097251550e-01 -4.994722472892898502e-03 5.776093397448159826e-03 5.378351580311118596e+01 5.671658045325381897e-03 2.067641927924088879e-02 9.997700817284537189e-01 -2.585975370493915904e-01
0011172 010960 -5.246335449403451492e-03 9.997740555351953828e-01 -2.061919590051687276e-02 6.148296749241944781e+01 -9.999794323279480590e-01 -5.171918094401201441e-03 3.660995851074277246e-03 5.376097914481806583e+01 3.553590438948311427e-03 2.063799148142860321e-02 9.997808183105323376e-01 -1.500690054566060638e-01
0011173 010961 -5.482508356366718773e-03 9.997593162261344535e-01 -2.126574698584839107e-02 6.057160846276042321e+01 -9.999802831433624029e-01 -5.419119933555208851e-03 3.037456623967891255e-03 5.372397058961450966e+01 2.921546124306688766e-03 2.128199070891289429e-02 9.997693637707287806e-01 -8.615182179788050121e-02
0011174 010962 -5.798314638826720414e-03 9.997584768614671269e-01 -2.122066386788111145e-02 5.973846046217386174e+01 -9.999796697447402849e-01 -5.744290625337460619e-03 2.606104057128378997e-03 5.368505087141443255e+01 2.483639845037521453e-03 2.123535426880599625e-02 9.997715391532098206e-01 -7.153813973640765767e-02
0011176 010963 -5.944041659854276856e-03 9.997639817879730995e-01 -2.091640400245120199e-02 5.882921503549232511e+01 -9.999785875017955794e-01 -5.889319393632502959e-03 2.677085845948090712e-03 5.365496023627110844e+01 2.553334127344113538e-03 2.093188179518468486e-02 9.997777633298159383e-01 -1.016263629518796563e-01
0011177 010964 -6.232884812014922483e-03 9.997604538792226325e-01 -2.100487134782201559e-02 5.800099473184764065e+01 -9.999773083540857144e-01 -6.181205811594043219e-03 2.524595437607796491e-03 5.361833669277802983e+01 2.394217759719920787e-03 2.102013923593269371e-02 9.997763053268310385e-01 -9.413038849785593243e-02
0011178 010965 -6.495028415235149129e-03 9.997485566413963909e-01 -2.148377610286104217e-02 5.710305275138398429e+01 -9.999766309044668677e-01 -6.452496935168515815e-03 2.048668599051762639e-03 5.358156886178903733e+01 1.909593189176155654e-03 2.149659204167844381e-02 9.997672174833781567e-01 -4.774055539173360785e-02
0011179 010966 -6.825711604209589410e-03 9.997677761136655183e-01 -2.046137449365768510e-02 5.628246994625578736e+01 -9.999742421100604739e-01 -6.783510708959690841e-03 2.131432854822813174e-03 5.354385706573657444e+01 1.992201858510391117e-03 2.047540820009762647e-02 9.997884916079377016e-01 -1.176921130362629242e-01
0011181 010967 -6.875489396071577698e-03 9.997879148028722129e-01 -1.943716773879864898e-02 5.538087547629970686e+01 -9.999729734062762221e-01 -6.826920938005550180e-03 2.564280707477007478e-03 5.352151955900353641e+01 2.431103822851967550e-03 1.945428249596096656e-02 9.998079114650877397e-01 -2.049236707684514158e-01
0011182 010968 -6.984460421962849705e-03 9.997856551544768156e-01 -1.950416899088711423e-02 5.455709643157683786e+01 -9.999671115331913995e-01 -6.904743017596553199e-03 4.151800182374577007e-03 5.348959047931953137e+01 4.016238164304046163e-03 1.953254231475502409e-02 9.998011041864732773e-01 -2.922742269216787037e-01
0011183 010969 -7.171500927756362977e-03 9.997899934607492600e-01 -1.922034395635236967e-02 5.366436370447968329e+01 -9.999703958135940374e-01 -7.119888802393720476e-03 2.752678272380008895e-03 5.346691147072260719e+01 2.615316621330884654e-03 1.923952652581267103e-02 9.998116022321263952e-01 -2.406501188100769184e-01
0011185 010970 -7.257854309155701254e-03 9.997712079024503318e-01 -2.014273060909992086e-02 5.284052162853458867e+01 -9.999699426190481466e-01 -7.205042702956637388e-03 2.693497155086662254e-03 5.344441216678069395e+01 2.547814965075390504e-03 2.016168587227075426e-02 9.997936058446387220e-01 -1.951658930936908121e-01
0011186 010971 -7.360009863441191631e-03 9.997686219262345020e-01 -2.023399188972549445e-02 5.195139716516837325e+01 -9.999685203496603281e-01 -7.301787423032269492e-03 2.950128575923057720e-03 5.341973929260257137e+01 2.801764670821670338e-03 2.025507949513891126e-02 9.997910387321397030e-01 -2.119130342578969817e-01
0011187 010972 -7.478999044869054716e-03 9.997837872626589295e-01 -1.942464213948714297e-02 5.113602223012821923e+01 -9.999675141904530440e-01 -7.422318324290006972e-03 2.988754385891842068e-03 5.339502528569892092e+01 2.843995273600834466e-03 1.944637511764302912e-02 9.998069760895633706e-01 -2.646695900575934957e-01
0011188 010973 -7.439494277192081409e-03 9.998159209434404060e-01 -1.771086939088867968e-02 5.024832001008167026e+01 -9.999689109771484619e-01 -7.395263557766731249e-03 2.561913635223514278e-03 5.337608964000219203e+01 2.430528714728631690e-03 1.772938733974675080e-02 9.998399874628469686e-01 -3.372754545451730479e-01
0011189 010974 -7.236865718181476406e-03 9.998453328976258936e-01 -1.605870495365974496e-02 4.942206686447570974e+01 -9.999704179465095377e-01 -7.196861341797699228e-03 2.547909493656050611e-03 5.336857770968299519e+01 2.432006203801677369e-03 1.607667568486500706e-02 9.998679237781618045e-01 -4.241550305688814859e-01
0011190 010975 -6.729439480126670446e-03 9.998604646945028485e-01 -1.532249760577233944e-02 4.851361957245990197e+01 -9.999746369345523522e-01 -6.695658441296333842e-03 2.255277349826455106e-03 5.337381446196695833e+01 2.152431688738388593e-03 1.533729061168359262e-02 9.998801796561763711e-01 -4.497818018052548439e-01
0011191 010976 -6.227275074862448703e-03 9.998447950195815670e-01 -1.650779673327468569e-02 4.767317004026085669e+01 -9.999789286126433696e-01 -6.200619703159221049e-03 1.665720312314140352e-03 5.338002701452228393e+01 1.563167279705696393e-03 1.651782997512645304e-02 9.998624689678579092e-01 -3.688335136994513874e-01
0011192 010977 -5.607885431610808678e-03 9.998007922341617393e-01 -1.917937478330613427e-02 4.676027518991509169e+01 -9.999829028477379422e-01 -5.580793022766584316e-03 1.466044332281251457e-03 5.339083536091470705e+01 1.358780394506794173e-03 1.918727813128619578e-02 9.998151034737713383e-01 -2.432410735727614792e-01
0011193 010978 -5.165137374470911077e-03 9.997647656999232302e-01 -2.108825069989437445e-02 4.592732713901636998e+01 -9.999854045261926672e-01 -5.136724602820390458e-03 1.401459567287674816e-03 5.339415653199944245e+01 1.292869295217963666e-03 2.109519156729412759e-02 9.997767553148779740e-01 -1.634721714585758434e-01
0011194 010979 -4.609878871738353791e-03 9.997407422069939376e-01 -2.231788976447369316e-02 4.502339465615614245e+01 -9.999872675083377738e-01 -4.568280515429123945e-03 1.914676539669195538e-03 5.340262056740925800e+01 1.812289762887854799e-03 2.232644510853196845e-02 9.997492108660483989e-01 -1.459519428380318118e-01
0011195 010980 -4.338631035839269831e-03 9.997254827547762401e-01 -2.304680808766894351e-02 4.420472581284775515e+01 -9.999884487915803311e-01 -4.294492275480670841e-03 1.964459800710846582e-03 5.339796020605422200e+01 1.865009090533668824e-03 2.305507538461718658e-02 9.997325764621740607e-01 -1.249706195788355956e-01
0011196 010981 -4.070243979333815730e-03 9.997163352444256024e-01 -2.348439188924574678e-02 4.332169529846055411e+01 -9.999908383895200759e-01 -4.048509458434327440e-03 9.730768204899770861e-04 5.339019556592643312e+01 8.777894420059426106e-04 2.348815289999055950e-02 9.997238494864207903e-01 -5.945436097321277202e-02
0011197 010982 -3.604327185842943083e-03 9.996873663612974026e-01 -2.475911892581893550e-02 4.249619947293103905e+01 -9.999929136282007525e-01 -3.592238920418721910e-03 5.327862420415125288e-04 5.339170241713463838e+01 4.437449492274014189e-04 2.476088038099960587e-02 9.996934234736757352e-01 1.082447129806496378e-02
0011198 010983 -3.679265814853930130e-03 9.996700895921986074e-01 -2.543773745586310961e-02 4.163497117308065754e+01 -9.999923745093377558e-01 -3.655364600738481452e-03 9.861224919061404703e-04 5.337094055522129565e+01 8.928778468344926488e-04 2.544118696507912877e-02 9.996760414743214307e-01 7.079602973298904089e-03
0011199 010984 -3.335744830031509532e-03 9.996463498090428779e-01 -2.640022083297556901e-02 4.081923313563765987e+01 -9.999938292851353605e-01 -3.319708116020564023e-03 6.513235110973303495e-04 5.336763494446404366e+01 5.635171786631229572e-04 2.640224607219128494e-02 9.996513607034459570e-01 5.659349661999968362e-02
0011200 010985 -3.188202119716090563e-03 9.996148470528677388e-01 -2.758430232299710627e-02 3.995135083436753121e+01 -9.999943766459213901e-01 -3.175865466524227174e-03 4.910950119967942779e-04 5.335535489860308189e+01 4.033672884797034116e-04 2.758572999657086383e-02 9.996194795562822755e-01 1.047946799936170237e-01
0011201 010986 -3.195895391388647432e-03 9.996088663539534069e-01 -2.779896356878209032e-02 3.915958202470596916e+01 -9.999940852316258066e-01 -3.171782307978006973e-03 9.115217486020290964e-04 5.333897704957757924e+01 8.230582161847433851e-04 2.780173005234287675e-02 9.996132379837670001e-01 8.329157426446087698e-02
0011202 010987 -2.967932680990009123e-03 9.996324972540240328e-01 -2.696343883937193583e-02 3.829260783514018840e+01 -9.999950791122935723e-01 -2.955475166402311577e-03 5.019125606055830887e-04 5.332817663186051504e+01 4.221030640018213738e-04 2.696481057084681998e-02 9.996364138655763343e-01 6.550489916918422750e-02
0011203 010988 -3.232552753033232640e-03 9.996815457467390642e-01 -2.504631711770960445e-02 3.752048125624537533e+01 -9.999942895540080423e-01 -3.223176913381109367e-03 4.147778432023248741e-04 5.330005145429572622e+01 3.339819818825697298e-04 2.504752831067273353e-02 9.996863252175893777e-01 -8.048512139687602485e-03
0011204 010989 -3.805175097648141793e-03 9.997052395339603992e-01 -2.400031247850324331e-02 3.670200370868815298e+01 -9.999922522618418519e-01 -3.791936209956115952e-03 5.972034398313950812e-04 5.325999405172319712e+01 5.060837122459670113e-04 2.400240896565333099e-02 9.997118921436284333e-01 -6.258426956815910103e-02
0011205 010990 -4.254768064330131418e-03 9.997388113467106097e-01 -2.247546778420285787e-02 3.594507287105489013e+01 -9.999899472319664362e-01 -4.229880076041272335e-03 1.154898274549723139e-03 5.322623430637349884e+01 1.059592496609558206e-03 2.248016763218867523e-02 9.997468471610259089e-01 -1.543101114068221591e-01
0011206 010991 -4.678018048948195257e-03 9.997536299589609987e-01 -2.171777980458244536e-02 3.512305564764960764e+01 -9.999874936600172681e-01 -4.644885865989782994e-03 1.575931031653937317e-03 5.319257755551620903e+01 1.474730652926774981e-03 2.172489363116742594e-02 9.997630185615390408e-01 -2.087919940275106967e-01
0011207 010992 -4.615877888933502329e-03 9.997447845340867723e-01 -2.213694418293175176e-02 3.434211922429881270e+01 -9.999865983642129974e-01 -4.566945845517243231e-03 2.260622473561864094e-03 5.317734909229307050e+01 2.159010233231834289e-03 2.214709291781577841e-02 9.997525114579463024e-01 -2.374526813545863035e-01
0011208 010993 -4.453871626552374091e-03 9.997325698939197869e-01 -2.271164888863541620e-02 3.349452141724759713e+01 -9.999849798138618073e-01 -4.383629905547806009e-03 3.141750381191537114e-03 5.316330836183692554e+01 3.041413684472635878e-03 2.272531463459255205e-02 9.997372400847426288e-01 -2.740424513790244987e-01
0011209 010994 -4.650034332950784069e-03 9.997440718084191769e-01 -2.216212978225969021e-02 3.273551744340011282e+01 -9.999840609797658875e-01 -4.580829636878116888e-03 3.172552930853947233e-03 5.313795303580104701e+01 3.070281950298575299e-03 2.217653957149632107e-02 9.997494755148690349e-01 -3.034156966188810145e-01
0011210 010995 -5.088498382182292216e-03 9.997940442427091234e-01 -1.967217614267663048e-02 3.193119143918988811e+01 -9.999839249981440359e-01 -5.041558157944646748e-03 2.435181736287163421e-03 5.310193816284731838e+01 2.335564461925359551e-03 1.968425935311588632e-02 9.998036378543815328e-01 -3.531695297887686991e-01
0011211 010996 -5.321820443929614966e-03 9.998078354687502944e-01 -1.889031573143917092e-02 3.118049176507270204e+01 -9.999844099866908032e-01 -5.294754121236901201e-03 1.482763187968148648e-03 5.307507651553078176e+01 1.382523091435043866e-03 1.889792295268688180e-02 9.998205820024766988e-01 -3.298285637312403651e-01
0011212 010997 -5.326674978634498084e-03 9.998188332429084335e-01 -1.829775167219505408e-02 3.035573770078258349e+01 -9.999790407147016724e-01 -5.260790138044759215e-03 3.647188858153615001e-03 5.305848177811594724e+01 3.550329656099909283e-03 1.831680556550362507e-02 9.998260494284941791e-01 -4.674728465483948270e-01
0011213 010998 -6.389196563758895234e-03 9.998306233102919327e-01 -1.728492094112941621e-02 2.965623170592266433e+01 -9.999593990889656947e-01 -6.279588988750399274e-03 6.388391889909956697e-03 5.301268796460749400e+01 6.278827120542626941e-03 1.732504522587444140e-02 9.998303149909705256e-01 -6.516266340025556048e-01
0011214 010999 -7.315047659010412082e-03 9.998434135385656507e-01 -1.614044039216885190e-02 2.889202127784278673e+01 -9.999589624309591640e-01 -7.229172932041270407e-03 5.372800226838744461e-03 5.296502377759202318e+01 5.255337286487847884e-03 1.617908862416940485e-02 9.998554185597070543e-01 -6.396882250181112894e-01
0011215 011000 -8.203061970883288034e-03 9.998794248450658673e-01 -1.322254084347426056e-02 2.819498848466923846e+01 -9.999620525869774568e-01 -8.165454146192650808e-03 2.896247769643337140e-03 5.291770042367261340e+01 2.787993226955526749e-03 1.324580099165848998e-02 9.999085033272493428e-01 -5.961014427296111862e-01
0011216 011001 -9.423654169929528840e-03 9.998837520254179045e-01 -1.202566067191855430e-02 2.745664702509225208e+01 -9.999523504285761089e-01 -9.394467837145056496e-03 2.481888967107305933e-03 5.286392604719731025e+01 2.368688960558340204e-03 1.204847995849348853e-02 9.999247284457513096e-01 -6.106422661151564846e-01
0011217 011002 -9.972546334914752716e-03 9.998614588628274014e-01 -1.336324151456750806e-02 2.674778482308761340e+01 -9.999388755096557668e-01 -9.908958835749588287e-03 4.816840264927767408e-03 5.283429526256645659e+01 4.683817860158099970e-03 1.341046534259536516e-02 9.998992252613283505e-01 -7.062837681536133783e-01
0011218 011003 -1.044798214691581954e-02 9.998026294037020145e-01 -1.692245639679881841e-02 2.597620918316579264e+01 -9.999264591435191862e-01 -1.034346315549059502e-02 6.252674644629238609e-03 5.280639000124165250e+01 6.076463601196283558e-03 1.698654954114363347e-02 9.998373734431186266e-01 -6.987528471893496018e-01
0011219 011004 -1.085721944935340300e-02 9.997206811039669461e-01 -2.101550564204637470e-02 2.526522756262465919e+01 -9.999303516471739206e-01 -1.075941007151697340e-02 4.762076677667194564e-03 5.277804579813641794e+01 4.534692672598371853e-03 2.106575510487446873e-02 9.997679280775330080e-01 -5.275727734278436998e-01
0011220 011005 -1.113564503120221746e-02 9.996578631202170939e-01 -2.367854732514721242e-02 2.449601485113907984e+01 -9.999324524908012046e-01 -1.105686664042505873e-02 3.455649220555929296e-03 5.274111908604572818e+01 3.192656322642909664e-03 2.371544940561027756e-02 9.997136004130475762e-01 -3.876658438166913356e-01
0011221 011006 -1.194418025834927469e-02 9.996383680905709390e-01 -2.411249702731595168e-02 2.381455430758455805e+01 -9.999281366360125434e-01 -1.193045702284717749e-02 7.133263819393988571e-04 5.271095141488262925e+01 4.254603246975186101e-04 2.411929749089474634e-02 9.997091164466733737e-01 -2.576856603590620409e-01
0011222 011007 -1.285175083585765946e-02 9.996285514524746452e-01 -2.405327670926752856e-02 2.308839965029119412e+01 -9.999168719997781896e-01 -1.283650260125748094e-02 7.886829331212628436e-04 5.267310360603482877e+01 4.796947720030148650e-04 2.406142560778858075e-02 9.997104864573083116e-01 -2.705935486780468580e-01
0011223 011008 -1.319940738086695757e-02 9.996582426057439852e-01 -2.257607079706940023e-02 2.240066933004231942e+01 -9.999109038463743770e-01 -1.315659046510892112e-02 2.044456530389071689e-03 5.264127694644434996e+01 1.746734700739431979e-03 2.260106512751299326e-02 9.997429865619851252e-01 -3.569126671729776490e-01
0011224 011009 -1.427755986579020038e-02 9.996602142486764597e-01 -2.181998464431135140e-02 2.169234558919583833e+01 -9.998964817474463862e-01 -1.424129206739671930e-02 1.817089441143536228e-03 5.260001021737957672e+01 1.505728390058080467e-03 2.184368908391430553e-02 9.997602134566432319e-01 -3.674846889892684487e-01
0011225 011010 -1.494930069636747627e-02 9.996676028176654238e-01 -2.101704499638574683e-02 2.102542537361773611e+01 -9.998878026116568840e-01 -1.494633451446997392e-02 2.987132809101863181e-04 5.256693735874091544e+01 -1.551174157596869717e-05 2.101917123474116023e-02 9.997790218600339784e-01 -3.102792302385424250e-01
0011226 011011 -1.549779639651088434e-02 9.996744799695355121e-01 -2.027982528127676362e-02 2.029729817625138821e+01 -9.998786619714964408e-01 -1.552013918221508207e-02 -9.442538866380007986e-04 5.253575422606604661e+01 -1.258689393894002169e-03 2.026274875058171193e-02 9.997938462684198280e-01 -2.639214423052571590e-01
0011227 011012 -1.655751862390073686e-02 9.996491243162551887e-01 -2.068849505974221931e-02 1.965751324862253568e+01 -9.998617313486043434e-01 -1.657922998042944338e-02 -8.777902613226115907e-04 5.249923308091479157e+01 -1.220478864206006337e-03 2.067111830252370969e-02 9.997855338201119269e-01 -2.645704315112773486e-01
0011229 011013 -1.740197486346821767e-02 9.996058952011905863e-01 -2.203850159427937078e-02 1.901069066377772288e+01 -9.998476900091890496e-01 -1.741776292114693980e-02 -5.240648758255690536e-04 5.246792828073262172e+01 -9.077168178330329929e-04 2.202604591036178006e-02 9.997569343230064964e-01 -2.640774677471817711e-01
0011230 011014 -1.813837517351116202e-02 9.995560662939866337e-01 -2.364850645964761827e-02 1.830661210975836184e+01 -9.998349805427425574e-01 -1.814332581373244435e-02 5.757542625590255198e-06 5.243754981130587112e+01 -4.233057598083366500e-04 2.364472721269255534e-02 9.997202839443495304e-01 -2.710295867750218690e-01
0011231 011015 -1.925966165716136436e-02 9.994798480570927790e-01 -2.587672812826558727e-02 1.762815788367606729e+01 -9.998131391033023840e-01 -1.928836487692379975e-02 -8.595394173650637180e-04 5.239912293255588338e+01 -1.358209050288361561e-03 2.585536102142491424e-02 9.996647208358310221e-01 -1.932778632153855369e-01
0011232 011016 -2.006639753469534673e-02 9.994271747799733374e-01 -2.726048958315677173e-02 1.699641141827032698e+01 -9.997963706655242921e-01 -2.011076965666157984e-02 -1.353973250041218702e-03 5.236785314666144586e+01 -1.901423314657654058e-03 2.722779400771184119e-02 9.996273957703922797e-01 -1.510702023702350516e-01
0011233 011017 -2.097853202912862425e-02 9.993685982991246108e-01 -2.868542563310118657e-02 1.632327222292838087e+01 -9.997784196365552267e-01 -2.101193653891451907e-02 -8.630304023114823957e-04 5.233648251860131495e+01 -1.465219143207236677e-03 2.866098789425157445e-02 9.995880649202510959e-01 -1.617514825186034955e-01
0011234 011018 -2.210350989578759029e-02 9.993696580070534630e-01 -2.778739524835532188e-02 1.572589765180146060e+01 -9.997549374452074922e-01 -2.211471951272585973e-02 -9.556015849582643500e-05 5.230498138983443823e+01 -7.100067109847828803e-04 2.777850027641000710e-02 9.996138001177439225e-01 -2.217572829130247669e-01
0011235 011019 -2.285239951910841838e-02 9.994395629974962558e-01 -2.447245903262359676e-02 1.506420259229184921e+01 -9.997379571085210914e-01 -2.286935610701194832e-02 -4.125389853454685210e-04 5.227662184561040704e+01 -9.719749474708110244e-04 2.445663829124686967e-02 9.997003683987347733e-01 -2.621137511404114662e-01
0011236 011020 -2.347671219174778459e-02 9.994865327083883866e-01 -2.181812253271669944e-02 1.445601535274818161e+01 -9.997217042028965217e-01 -2.351718689262484105e-02 -1.599575568868352162e-03 5.224972527317208915e+01 -2.111851691068073085e-03 2.177451714788162032e-02 9.997606257743809621e-01 -2.429334824463502684e-01
0011237 011021 -2.477113568604916854e-02 9.994884437270235011e-01 -2.024213998792934524e-02 1.383537783300016599e+01 -9.996907503559430141e-01 -2.480594035759545526e-02 -1.469239061147319635e-03 5.221562720861675189e+01 -1.970609420557529676e-03 2.019950383970076091e-02 9.997939763055886386e-01 -2.710779723765703864e-01
0011238 011022 -2.581200929783852849e-02 9.994579370789257178e-01 -2.044822878869439337e-02 1.326014350493278471e+01 -9.996653319456042519e-01 -2.583631183224452399e-02 -9.242689660991228011e-04 5.218796310147877193e+01 -1.452071993021565458e-03 2.041754522604722136e-02 9.997904348728662294e-01 -2.999247301739735860e-01
0011239 011023 -2.663306645341589549e-02 9.993963322848389286e-01 -2.232918754403610817e-02 1.262399497313413121e+01 -9.996409958665174456e-01 -2.668827611132858907e-02 -2.177086004545924786e-03 5.216874437694173139e+01 -2.771630924509998692e-03 2.226320046407566366e-02 9.997484216217958908e-01 -2.417251088509893009e-01
0011240 011024 -2.765876276231388556e-02 9.992781307587402795e-01 -2.605060748045264635e-02 1.206372997814742121e+01 -9.996147255023373202e-01 -2.770403852116140944e-02 -1.377865914252924704e-03 5.213255587209050645e+01 -2.098574030416367094e-03 2.600248616403432259e-02 9.996596246707843969e-01 -2.243953671281389006e-01
0011241 011025 -2.869452255715959632e-02 9.992075977579157886e-01 -2.759009850439810008e-02 1.146110285540271434e+01 -9.995838393306033520e-01 -2.876047852767621774e-02 -1.995901599081104181e-03 5.210303890666409643e+01 -2.787819533039432446e-03 2.752137219249661121e-02 9.996172771008877689e-01 -1.826343462257966621e-01
0011242 011026 -2.964999568703183611e-02 9.991873633142622779e-01 -2.732099479015956053e-02 1.091298644987432453e+01 -9.995482636595552917e-01 -2.977052065555677030e-02 -4.014257910356084161e-03 5.208415487994057003e+01 -4.824285643036560836e-03 2.718964550620546483e-02 9.996187712539515990e-01 -1.112321123607884488e-01
0011243 011027 -3.102795565648770043e-02 9.991324921603249587e-01 -2.778622840559061280e-02 1.035516806037480819e+01 -9.995151099822972007e-01 -3.108369867183268312e-02 -1.575565256149980041e-03 5.204841967931088220e+01 -2.437893828182119242e-03 2.772389140282556508e-02 9.996125955086583303e-01 -2.155832238509987064e-01
0011244 011028 -3.235003948392178863e-02 9.991187685509526073e-01 -2.675999312539629679e-02 9.849519719203271961e+00 -9.994715743447125655e-01 -3.241941985369400925e-02 -2.161742398914045810e-03 5.202977386383986413e+01 -3.027312253837902405e-03 2.667593527882586996e-02 9.996396693264760769e-01 -2.250403583162423615e-01
0011245 011029 -3.388368919561682291e-02 9.990861183577576243e-01 -2.607130133203531056e-02 9.322845551910177164e+00 -9.994211991980707088e-01 -3.394694344476266445e-02 -1.986172390969801263e-03 5.200005686958638762e+01 -2.869329410169705816e-03 2.598892856305921525e-02 9.996582321831823936e-01 -2.459596943289383830e-01
0011246 011030 -3.564759149948673600e-02 9.990676797353530425e-01 -2.436930254613580565e-02 8.867795576910566524e+00 -9.993602721976568848e-01 -3.570291009220347839e-02 -1.837267107705970511e-03 5.197036725392308654e+01 -2.705540239850322097e-03 2.428823485017032879e-02 9.997014555895428201e-01 -2.711086000222096004e-01
0011247 011031 -3.776052521210854218e-02 9.990234158906486917e-01 -2.296201159047401782e-02 8.398311186014552732e+00 -9.992827711581399042e-01 -3.781200588754193154e-02 -1.810346608838600416e-03 5.193724150904790804e+01 -2.676749855117867977e-03 2.287719635067519269e-02 9.997348185824785904e-01 -2.878282713441322471e-01
0011248 011032 -4.039100805317770437e-02 9.989165539237894187e-01 -2.313249624208361249e-02 7.967366168315265895e+00 -9.991813988402994395e-01 -4.042710367835729290e-02 -1.093119865178678951e-03 5.190242884551662428e+01 -2.027047051526577413e-03 2.306942325921109913e-02 9.997319298019416989e-01 -3.264797859661712209e-01
0011249 011033 -4.282082889261566716e-02 9.988341442063622955e-01 -2.230718484776047020e-02 7.582280573747766539e+00 -9.990803014125823056e-01 -4.285476195245174064e-02 -1.043422011650479205e-03 5.187058201660465784e+01 -1.998106733306827081e-03 2.224200206564088886e-02 9.997507387250660349e-01 -3.373545436430518407e-01
0011250 011034 -4.552711774767839031e-02 9.987490455826327773e-01 -2.070229543332603381e-02 7.224055520210413306e+00 -9.989608130358608173e-01 -4.555730152308822695e-02 -9.864996666114590144e-04 5.183738001452297794e+01 -1.928338886297909557e-03 2.063587924787376945e-02 9.997853172812073419e-01 -3.543061054506999596e-01
0011251 011035 -4.877565752222472184e-02 9.985905885464994025e-01 -2.094355508474696898e-02 6.864023403951023283e+00 -9.988074899961576492e-01 -4.880460102575922415e-02 -8.706864741348605691e-04 5.180096874843752630e+01 -1.891533337032205025e-03 2.087612411229665399e-02 9.997803999873905445e-01 -3.604711259579076454e-01
0011252 011036 -5.181849447653882890e-02 9.983959658350511912e-01 -2.283267739541208763e-02 6.544549579688236918e+00 -9.986543549449521384e-01 -5.184773460690446367e-02 -6.880741545263706479e-04 5.176814510135795899e+01 -1.870725977123647351e-03 2.276630829363518113e-02 9.997391831359483394e-01 -3.599737472736883603e-01
0011253 011037 -5.550360725772879311e-02 9.981905629491032439e-01 -2.314800518851987260e-02 6.233830348709489044e+00 -9.984568112008787022e-01 -5.552473074978439560e-02 -2.681679371800835200e-04 5.173220359586548511e+01 -1.552901990651565098e-03 2.309741310470771192e-02 9.997321324978123425e-01 -3.803263513942312102e-01
0011254 011038 -5.949509077370442739e-02 9.979701832873896228e-01 -2.273083681730780556e-02 5.990334884807680282e+00 -9.982264495395872794e-01 -5.952117909500731496e-02 -4.699142185191980035e-04 5.169560160045512021e+01 -1.821858634789594788e-03 2.266257957207521573e-02 9.997416301298800434e-01 -3.730875657393681877e-01
0011255 011039 -6.428952237504151346e-02 9.976608248800217238e-01 -2.325073738322335978e-02 5.763754853339833062e+00 -9.979262121088622317e-01 -6.434257444160711159e-02 -1.537605451458733076e-03 5.165297845533973486e+01 -3.029951953729995498e-03 2.310368289456841279e-02 9.997286020558020514e-01 -3.153227251236359052e-01
0011256 011040 -6.914226937130626971e-02 9.973328200157476342e-01 -2.339964995234583914e-02 5.589422544367153023e+00 -9.975986523347103452e-01 -6.921508674676907225e-02 -2.312780539167044302e-03 5.161172805941168917e+01 -3.926151286907625382e-03 2.318356021795545119e-02 9.997236349619551543e-01 -2.761765109886411551e-01
0011257 011041 -7.484974978244157695e-02 9.969251062771660177e-01 -2.321171190436463819e-02 5.437267380114235493e+00 -9.971858347479360951e-01 -7.492528693604301460e-02 -2.397688259008975541e-03 5.156704206687095393e+01 -4.129390054199864359e-03 2.296693603250275426e-02 9.997278161489711046e-01 -2.722700000594286962e-01
0011258 011042 -8.070819720874421177e-02 9.964930307880802696e-01 -2.210787600583895285e-02 5.339782946351533610e+00 -9.967304965873954314e-01 -8.077000912411703981e-02 -1.912625894731741216e-03 5.152521933599928161e+01 -3.691502398535201953e-03 2.188124097395185291e-02 9.997538809813725225e-01 -2.964183916460108037e-01
0011259 011043 -8.730409282944678884e-02 9.959507809578576065e-01 -2.146818305989017447e-02 5.290691136885470769e+00 -9.961758128310649330e-01 -8.735446524607455576e-02 -1.414405245216135681e-03 5.147974834262186050e+01 -3.283950384002317681e-03 2.126261465700915454e-02 9.997686509169265712e-01 -3.215756039225041718e-01
0011260 011044 -9.493242304285955113e-02 9.952460061011696446e-01 -2.177412613735150645e-02 5.273331233297312792e+00 -9.954779867296146278e-01 -9.498049049109542896e-02 -1.177784585611111115e-03 5.142764996663299826e+01 -3.240233553668248750e-03 2.156386548390432784e-02 9.997623412980154445e-01 -3.270612346193324527e-01
0011261 011045 -1.026895625361157471e-01 9.944779785227059188e-01 -2.166352995734831255e-02 5.273089290160214659e+00 -9.947070573994604148e-01 -1.027399825160889291e-01 -1.220133967304237775e-03 5.137430856302830762e+01 -3.439037894247818847e-03 2.142358267587144566e-02 9.997646931060294451e-01 -3.196927342238673475e-01
0011262 011046 -1.100009113602068295e-01 9.936986977212290961e-01 -2.153292869805304571e-02 5.288458715969909463e+00 -9.939230527861928621e-01 -1.100613187590902819e-01 -1.632349465124624749e-03 5.132322538859079941e+01 -3.991936614152360660e-03 2.122252366093385287e-02 9.997669264974035075e-01 -2.953514615454366776e-01
0011263 011047 -1.181059363855614386e-01 9.927617823593323232e-01 -2.181589131818263000e-02 5.321364156311346960e+00 -9.929890646235097762e-01 -1.181818433877589308e-01 -2.214051554253513177e-03 5.126760440683324305e+01 -4.776197499684058274e-03 2.140146031992983325e-02 9.997596729732256549e-01 -2.577931917429729936e-01
0011264 011048 -1.255886514584967362e-01 9.918410221802989035e-01 -2.190273081372274069e-02 5.357841751485239001e+00 -9.920691691209660990e-01 -1.256685078698379365e-01 -2.297713789631291182e-03 5.121752408460724837e+01 -5.031379337603097274e-03 2.144047010844153667e-02 9.997575854623768077e-01 -2.474967357539981094e-01
0011265 011049 -1.336037013952812158e-01 9.907865037322883817e-01 -2.220351486221885592e-02 5.398732654360401284e+00 -9.910204370194828360e-01 -1.336871734421644919e-01 -2.306320993573034335e-03 5.116415090415353006e+01 -5.253325635311864410e-03 2.169601736526163491e-02 9.997509307810166224e-01 -2.408128926808572601e-01
0011266 011050 -1.412141962017627317e-01 9.897106184313873012e-01 -2.307236442915436975e-02 5.452253905631550879e+00 -9.899664823264012758e-01 -1.412896221128913943e-01 -1.658461218606578332e-03 5.111375748358682358e+01 -4.901211688872347122e-03 2.260668155799556295e-02 9.997325414072306682e-01 -2.653724393889618227e-01
0011267 011051 -1.499748663340479959e-01 9.884006684029277290e-01 -2.392797428720278008e-02 5.541843070934874049e+00 -9.886748858813461105e-01 -1.500598341959787085e-01 -1.779824395831760978e-03 5.105455984931177227e+01 -5.349736393474359766e-03 2.339007121294287006e-02 9.997122201502409711e-01 -2.478820514196229396e-01
0011268 011052 -1.586546389726883610e-01 9.870507253041138629e-01 -2.367270093192736999e-02 5.659485452059016097e+00 -9.873201992415558959e-01 -1.587322115390967792e-01 -1.416422540075175851e-03 5.099660586909158155e+01 -5.155629852436656099e-03 2.314782845192819849e-02 9.997188783640135190e-01 -2.582222504777647032e-01
0011269 011053 -1.683801325360089751e-01 9.854476297141402386e-01 -2.328102970080922485e-02 5.806125454086895843e+00 -9.857068301164080282e-01 -1.684605032745732645e-01 -1.514354628171434231e-03 5.093043178386187719e+01 -5.414180141738698243e-03 2.269329419525369790e-02 9.997279326210314343e-01 -2.463946997804598027e-01
0011270 011054 -1.777709283041142563e-01 9.837958889232122361e-01 -2.332335615427623757e-02 5.964729443875967263e+00 -9.840579492104787329e-01 -1.778427487222122849e-01 -1.018395044042632236e-03 5.086574516272298752e+01 -5.149711531820576685e-03 2.277050672821879021e-02 9.997275742571246626e-01 -2.641780841237633126e-01
0011271 011055 -1.887238582976226986e-01 9.817590986625406302e-01 -2.309267010885601712e-02 6.179621595627395436e+00 -9.820177486616668006e-01 -1.887858268560694830e-01 -5.061476908943306555e-04 5.078905688750023728e+01 -4.856413491837000343e-03 2.258190110155869346e-02 9.997333200802458464e-01 -2.818419339243334321e-01
0011272 011056 -1.999809805237893479e-01 9.795335499637278787e-01 -2.285695594294804775e-02 6.439685395848073313e+00 -9.797910411650897489e-01 -2.000208372219007269e-01 5.603622708882090124e-04 5.070800518194437245e+01 -4.022903818638853303e-03 2.250711624682922782e-02 9.997387080393451697e-01 -3.280582741405666525e-01
0011273 011057 -2.141346359522318665e-01 9.765352510219932336e-01 -2.293582328367715223e-02 6.825825957625056617e+00 -9.767996592847785209e-01 -2.141422077960026815e-01 2.162759910631664902e-03 5.060322725074092887e+01 -2.799447706473285735e-03 2.286684042900452227e-02 9.997347194469631271e-01 -3.953845106744005022e-01
0011274 011058 -2.295395725970838519e-01 9.730384222306499575e-01 -2.255344525631889155e-02 7.307673763827551738e+00 -9.732980709414512654e-01 -2.295077833326309436e-01 4.032096779557529410e-03 5.048337420277812271e+01 -1.252739357184280960e-03 2.287676276012224480e-02 9.997376271584785812e-01 -4.780322070819309488e-01
0011275 011059 -2.491380420486772052e-01 9.682250758964158210e-01 -2.170798792836152458e-02 7.985204661257284897e+00 -9.684675142415078986e-01 -2.490751723261917794e-01 5.606742751462533321e-03 5.031809923032687948e+01 2.173378838164744092e-05 2.242034672835583817e-02 9.997487516988868839e-01 -5.427800956960844303e-01
0011276 011060 -2.699618010950546876e-01 9.626379090698328200e-01 -2.120664101241250682e-02 8.756852185912293862e+00 -9.628705747472154908e-01 -2.698923528289347007e-01 6.136607306695639891e-03 5.012458385830359475e+01 1.838856426488101224e-04 2.207591090362403738e-02 9.997563999831614590e-01 -5.507455173821504957e-01
0011277 011061 -2.951988538898722148e-01 9.552057055566670618e-01 -2.098803206722846260e-02 9.737519835187640638e+00 -9.554353650515103880e-01 -2.951323948453061230e-01 6.279292352111560949e-03 4.986493711429625364e+01 -1.961667308096142457e-04 2.190635891438049224e-02 9.997601271641388676e-01 -5.329372379950498839e-01
0011278 011062 -3.210246051583072746e-01 9.468582705513165498e-01 -2.008396742884648728e-02 1.078017040401982740e+01 -9.470702829863852923e-01 -3.209427536852249019e-01 7.275244340135543150e-03 4.957107739459843287e+01 4.428865450554815173e-04 2.135647236259943446e-02 9.997719459555834964e-01 -5.640896618276904917e-01
0011279 011063 -3.507823992890260478e-01 9.362465505705273028e-01 -1.986848820927040321e-02 1.200813530484811054e+01 -9.364564739795238069e-01 -3.506994659205488474e-01 7.644310324512889297e-03 4.919574044814453373e+01 1.891567426984469081e-04 2.128747676815283610e-02 9.997734975944230218e-01 -5.545677129048343090e-01
0011280 011064 -3.790848812089958608e-01 9.251424337646043661e-01 -2.017003149973503259e-02 1.319072743301558148e+01 -9.253614364204080234e-01 -3.789933974764258529e-01 8.343766685932061875e-03 4.879684850383068806e+01 7.492908940368744300e-05 2.182757589863985881e-02 9.997618667765660883e-01 -5.552806839441437603e-01
0011281 011065 -4.108706851539327687e-01 9.114700550780782118e-01 -2.020446088456723244e-02 1.453801770187419606e+01 -9.116930433440023629e-01 -4.107603091549206220e-01 9.547647370855800314e-03 4.829982324838920249e+01 4.032694246973439066e-04 2.234312760385971305e-02 9.997503993564168523e-01 -5.777918543811182417e-01
0011282 011066 -4.406429296329898437e-01 8.974587937564980633e-01 -2.005306456961570075e-02 1.581164391964603055e+01 -8.976819629167489545e-01 -4.405285243837159803e-01 1.005987969900973625e-02 4.778326061268012381e+01 1.944456593024268477e-04 2.243410059088662284e-02 9.997484245019403470e-01 -5.705133917650115905e-01
0011283 011067 -4.718954305809409111e-01 8.814305249021331390e-01 -1.988640973651102997e-02 1.714506556518108482e+01 -8.816540158041549224e-01 -4.717794407177079430e-01 1.048244423221603508e-02 4.718369171818960695e+01 -1.423873552083904017e-04 2.247956236387415804e-02 9.997474120643148332e-01 -5.572985317382830317e-01
0011284 011068 -4.998644030486089629e-01 8.658716962091768110e-01 -2.005562323697188815e-02 1.833625260383496425e+01 -8.661027880978496851e-01 -4.997516130842051818e-01 1.066852060674952293e-02 4.660014596706082557e+01 -7.851933300836441221e-04 2.270305834422432431e-02 9.997420634594066380e-01 -5.310185561094833417e-01
0011285 011069 -5.295855422483833896e-01 8.480316379802741444e-01 -1.954211453786077260e-02 1.960332815147876317e+01 -8.482544746682597614e-01 -5.294882149556948692e-01 1.030415505776786922e-02 4.592386123454355129e+01 -1.609002443392962755e-03 2.203363020582329093e-02 9.997560547284960464e-01 -4.890113756997180872e-01
0011286 011070 -5.566010822474586339e-01 8.305639409272688178e-01 -1.895150563008009617e-02 2.075718814139372626e+01 -8.307760045358003609e-01 -5.565194313613834876e-01 9.851059657777419890e-03 4.525668812067476665e+01 -2.364878337772383359e-03 2.122757709307128079e-02 9.997719919724895599e-01 -4.492596194917304331e-01
0011287 011071 -5.849901988218609850e-01 8.108252410345271333e-01 -1.868697896006681416e-02 2.196631706739117362e+01 -8.110338525759924755e-01 -5.849194614849757556e-01 9.645997338651859931e-03 4.449852255513712862e+01 -3.109090774684270409e-03 2.079859727501804159e-02 9.997789707734281439e-01 -4.119525979124532000e-01
