0011667 011457 -1.361703505589721697e-02 -9.998262820166655684e-01 1.274035358874280391e-02 9.719190099250408821e+01 9.999000330341956122e-01 -1.356916669266967392e-02 3.836913165231226660e-03 -4.141235158488848356e+01 -3.663365469689437107e-03 1.279134187347152028e-02 9.999114257907442127e-01 1.713451435121662314e-01
0011668 011458 -1.427542849334038216e-02 -9.998127014144190250e-01 1.310535886868289222e-02 9.674605373085955762e+01 9.998830586402943643e-01 -1.420312875402922337e-02 5.594412980453482287e-03 -4.136903463327212194e+01 -5.407156991290500841e-03 1.318369333679160656e-02 9.998985903378713180e-01 1.371803950503114322e-01
0011669 011459 -1.340570803673759442e-02 -9.998356575427658210e-01 1.223016788597719624e-02 9.617814796610969097e+01 9.998878341524211066e-01 -1.332344332866883772e-02 6.784014402382146369e-03 -4.144857018374705149e+01 -6.619945534379823721e-03 1.231975119919809930e-02 9.999021442760799294e-01 3.358528629880161986e-01
0011670 011460 -1.343573098822838617e-02 -9.998385910859834969e-01 1.196029423685397892e-02 9.568515009383554570e+01 9.998664696520580542e-01 -1.332334108794138230e-02 9.428306802136155254e-03 -4.144937553550471421e+01 -9.267426247765534267e-03 1.208538241000568780e-02 9.998839714644039978e-01 4.660227363364484177e-01
0011671 011461 -1.375269758448994725e-02 -9.998270034897481784e-01 1.254445434084013565e-02 9.515464344324800550e+01 9.998629412216065715e-01 -1.363599526626906901e-02 9.342440320280274990e-03 -4.143198035707177951e+01 -9.169760018760480039e-03 1.267123071337090262e-02 9.998776192350147252e-01 4.051800683671338277e-01
0011672 011462 -1.340920999868762398e-02 -9.998252290291799182e-01 1.305529425185673366e-02 9.463010879726743951e+01 9.998820993575041616e-01 -1.331060194346398579e-02 7.611653909275816442e-03 -4.147991874986860239e+01 -7.436543390065549625e-03 1.315583132385989527e-02 9.998857534821966597e-01 2.862154151392957147e-01
0011673 011463 -1.302076009127564257e-02 -9.998261979958691370e-01 1.336066505436532027e-02 9.405297648161922552e+01 9.998941015449233083e-01 -1.293345603983228620e-02 6.600829526951940314e-03 -4.153067664437230633e+01 -6.426876391940956022e-03 1.344521126596006852e-02 9.998889036502009997e-01 2.131221693610889645e-01
0011674 011464 -1.285451035471338668e-02 -9.998343942128563588e-01 1.290020841800666208e-02 9.351878073753232457e+01 9.998888982675179227e-01 -1.275653057926453594e-02 7.649672214636979786e-03 -4.155444424488473487e+01 -7.483836476481747074e-03 1.299712091835030295e-02 9.998874762201761524e-01 2.973270907096150495e-01
0011676 011465 -1.241750427613187366e-02 -9.998563069143748816e-01 1.154975122467815848e-02 9.292087112651688585e+01 9.998854867059963070e-01 -1.231710602531386686e-02 8.724320914509378633e-03 -4.160254086483155334e+01 -8.580799566952549209e-03 1.165677730228613720e-02 9.998951882121286383e-01 4.634772640046094239e-01
0011677 011466 -1.222173491615273673e-02 -9.998644996898744530e-01 1.105036368606887066e-02 9.232740505631636552e+01 9.998843692248784443e-01 -1.212105767808713264e-02 9.133068231406468035e-03 -4.163091127958955440e+01 -8.997880673083330158e-03 1.116071904398829341e-02 9.998971819622307633e-01 5.219438961687679068e-01
0011678 011467 -1.205612394812322075e-02 -9.998654369137999209e-01 1.115201913377061177e-02 9.177513499219003279e+01 9.998906539658024561e-01 -1.195995921764703152e-02 8.650708615476763313e-03 -4.165887474706437388e+01 -8.516159477692736637e-03 1.125510385947802589e-02 9.999003428793958870e-01 4.910615171169574467e-01
0011679 011468 -1.176588897019005715e-02 -9.998780945718952484e-01 1.030021429340050552e-02 9.116546152294654348e+01 9.999019738759673537e-01 -1.168721265279405730e-02 7.666281963351421688e-03 -4.170008643757500977e+01 -7.544960293689984519e-03 1.038941347236770063e-02 9.999175124482136967e-01 5.243262736972340576e-01
0011680 011469 -1.151005493753795572e-02 -9.998898822845324608e-01 9.406036421985966567e-03 9.059818057515326473e+01 9.999126419085552220e-01 -1.144868036531860103e-02 6.553885911250821941e-03 -4.173752440342536829e+01 -6.445472074580022546e-03 9.480657927888500383e-03 9.999342333637953883e-01 5.557267899911551012e-01
0011681 011470 -1.126490954258588077e-02 -9.998966990550763878e-01 8.971218485600260945e-03 9.002805636031985159e+01 9.999202185933977471e-01 -1.121350199086868296e-02 5.760996704043154504e-03 -4.177360963978526343e+01 -5.659798249419329547e-03 9.035406553497556115e-03 9.999431114608777760e-01 5.569837132679182901e-01
0011682 011471 -1.076319178460696628e-02 -9.999015568059587133e-01 9.017323819763965742e-03 8.939632259629161126e+01 9.999219220228432459e-01 -1.070610816327828389e-02 6.355815985052957508e-03 -4.183039294387072005e+01 -6.258642804549813948e-03 9.085040346794356209e-03 9.999390928546719737e-01 5.731129293225158960e-01
0011683 011472 -1.037431321509851498e-02 -9.999069263698810994e-01 8.887219016040358299e-03 8.881093329760824417e+01 9.999214113602713505e-01 -1.031169561903889399e-02 7.063710248103867266e-03 -4.187562952725306786e+01 -6.971403753826368663e-03 8.959811493602840710e-03 9.999355075711974239e-01 6.116665622274766179e-01
0011684 011473 -9.949522631724628044e-03 -9.999072065273184595e-01 9.343181410288205202e-03 8.817244664935878973e+01 9.999245211337117745e-01 -9.881944109305753829e-03 7.252200098702031236e-03 -4.192698084528774416e+01 -7.159192299216332253e-03 9.414639948591152496e-03 9.999300018229679843e-01 5.761389954903108901e-01
0011685 011474 -9.416609730608363135e-03 -9.999136969023533217e-01 9.220696516956162353e-03 8.757539725144556542e+01 9.999293321427796810e-01 -9.349518416615104632e-03 7.293362687225556258e-03 -4.199779783716348902e+01 -7.206451572248064909e-03 9.288723940702832069e-03 9.999310098566651650e-01 5.210207234866892634e-01
0011686 011475 -8.748019298513353900e-03 -9.999155165761558495e-01 9.639201184849279999e-03 8.691004699157133473e+01 9.999459671290571450e-01 -8.694157423900986462e-03 5.616245093473160380e-03 -4.206454965078728492e+01 -5.531960095059031655e-03 9.687821617765457818e-03 9.999377188394594773e-01 4.749484183746623955e-01
0011687 011476 -8.134589709173361757e-03 -9.999240221065611722e-01 9.293906145070801941e-03 8.629191854814052931e+01 9.999485466618762697e-01 -8.078396048091697132e-03 6.068538649893815036e-03 -4.212980800605328113e+01 -5.992992101728389538e-03 9.342801832683794716e-03 9.999383451629255681e-01 5.203316818159322565e-01
0011688 011477 -7.473546231241644938e-03 -9.999334277401429327e-01 8.848002299228328524e-03 8.562014077372805332e+01 9.999332361186709095e-01 -7.395403079754869421e-03 8.832511869336454741e-03 -4.220542451768574210e+01 -8.766414827533318063e-03 8.913422703238813374e-03 9.999219661730108788e-01 6.079846439403659986e-01
0011689 011478 -6.672503452656019206e-03 -9.999404794202541025e-01 8.688036761375058162e-03 8.498241365879653131e+01 9.999280896225647419e-01 -6.585724933448765597e-03 9.979559822560480492e-03 -4.228451944889911829e+01 -9.921673040221455284e-03 8.754001795476340150e-03 9.999125788015548189e-01 6.665442237768886002e-01
0011690 011479 -6.126168717176173027e-03 -9.999410046762760018e-01 9.005863233328702949e-03 8.429893536445797508e+01 9.999331815760181819e-01 -6.037884963978567415e-03 9.798254949760939331e-03 -4.234664359662997413e+01 -9.743224524031078929e-03 9.065291438585630981e-03 9.999115598114917125e-01 6.289914243446332875e-01
0011691 011480 -5.549525454970610262e-03 -9.999238340790421731e-01 1.105712337370648446e-02 8.366134697395841613e+01 9.999354010790824088e-01 -5.439844854026812913e-03 9.925423883443541470e-03 -4.241116894338642851e+01 -9.864442974882920226e-03 1.111149576500664905e-02 9.998897263218685660e-01 4.598270225988869697e-01
0011692 011481 -4.671100575647197523e-03 -9.998981111218604445e-01 1.351311547563657615e-02 8.295270330100697720e+01 9.999423391901259839e-01 -4.540610248419829457e-03 9.671520573248758648e-03 -4.250134462837831961e+01 -9.609101845367701289e-03 1.355752124399314112e-02 9.998620385863250526e-01 2.433277493132557368e-01
0011693 011482 -4.005062550672360347e-03 -9.998916913143325313e-01 1.419567828677713653e-02 8.229617296587525743e+01 9.999347086058658629e-01 -3.853083218689943960e-03 1.071753814392129890e-02 -4.256912114054034646e+01 -1.066160360373170218e-02 1.423768138035919929e-02 9.998419154731148506e-01 2.311787022731728314e-01
0011694 011483 -3.395001061395271167e-03 -9.999046116658482086e-01 1.342754494550410169e-02 8.158011424116921262e+01 9.999328548251116278e-01 -3.246178471249645814e-03 1.108994133206704993e-02 -4.263188031460731509e+01 -1.104521820318881374e-02 1.346429753036330369e-02 9.998484650648606920e-01 3.102913061775502968e-01
0011695 011484 -2.762650971640939323e-03 -9.999460286681068899e-01 1.007854378209882898e-02 8.090682683618615556e+01 9.999136634545685576e-01 -2.633026308224132098e-03 1.285238337004225052e-02 -4.269001925835505062e+01 -1.282507363446357476e-02 1.011317994624186430e-02 9.998667301501678040e-01 6.529946055661035587e-01
0011696 011485 -2.006219142754998418e-03 -9.999718202166463232e-01 7.306638068082279246e-03 8.016942032360839221e+01 9.999269843153953952e-01 -1.919191368355541161e-03 1.189861853744699632e-02 -4.276499588846240840e+01 -1.188418264872162858e-02 7.329975242003213334e-03 9.999026326415324517e-01 8.257966987497304956e-01
0011697 011486 -1.743371405743025402e-03 -9.999806196937133240e-01 6.054463743750979586e-03 7.950333843181101656e+01 9.999379047025990230e-01 -1.676839546275015304e-03 1.097687283585679734e-02 -4.280234105349677520e+01 -1.096643085069311588e-02 6.073223868719110526e-03 9.999215422079239524e-01 8.779677883090002410e-01
0011698 011487 -8.586993624321399496e-04 -9.999758956424210643e-01 6.947032151937370358e-03 7.875442550098273387e+01 9.999434631948246333e-01 -7.853395722391750145e-04 1.055581547879886999e-02 -4.288960651450270234e+01 -1.055002857944690141e-02 6.955704765689742566e-03 9.999202729894114405e-01 7.853307124098769521e-01
0011699 011488 1.054067910792216064e-04 -9.999590573567153085e-01 9.097896188219033523e-03 7.805499200826920969e+01 9.999235537773842886e-01 2.175446725593058173e-04 1.232557711185424884e-02 -4.297648730356104352e+01 -1.232697336593645276e-02 9.095903474913362777e-03 9.998827667639393901e-01 6.934491885681062229e-01
0011700 011489 5.733285220491170535e-04 -9.999516308903942940e-01 9.865675378971995244e-03 7.731412868588381571e+01 9.999241531569917907e-01 6.942744442021356191e-04 1.226016486096454840e-02 -4.302774947205921308e+01 -1.226634309326074534e-02 9.857900380647462504e-03 9.998762901710702700e-01 6.301912868171442028e-01
0011701 011490 1.046294417384059519e-03 -9.999585987563365252e-01 9.089437643996434862e-03 7.662252798936060572e+01 9.999196102329418467e-01 1.160700271011874804e-03 1.259043636512740053e-02 -4.307670062623583362e+01 -1.260038663544916018e-02 9.075535508997005160e-03 9.998795436821403815e-01 6.978483292359776158e-01
0011702 011491 1.348656167321291748e-03 -9.999625680895295465e-01 8.600501082782903775e-03 7.587816983917832658e+01 9.999319904955646932e-01 1.447816103407967509e-03 1.153362577070180320e-02 -4.311707149239350656e+01 -1.154556848998620176e-02 8.584362643109669580e-03 9.998966175045885807e-01 6.821114491129520729e-01
0011703 011492 1.325191481750884713e-03 -9.999612346594207724e-01 8.767907960650850666e-03 7.520198652771637171e+01 9.999376012322913621e-01 1.422033207011127488e-03 1.104788508653693248e-02 -4.313107112371062613e+01 -1.105984819789457979e-02 8.752720310271034851e-03 9.999006485031441960e-01 6.439621197121851992e-01
0011704 011493 1.758805532164711824e-03 -9.999455466441065088e-01 1.032858393238267336e-02 7.444630787079336187e+01 9.999309934274518419e-01 1.878142400135869279e-03 1.155558389389561326e-02 -4.317874998077240889e+01 -1.157427567581044252e-02 1.030755040161294295e-02 9.998800066356726690e-01 5.473067991712916580e-01
0011705 011494 2.036792624730719356e-03 -9.999361956240837568e-01 1.115066352136910750e-02 7.375038196158288883e+01 9.999257210837023679e-01 2.170081889943927932e-03 1.195430998537938549e-02 -4.321294092038442614e+01 -1.197766717636716480e-02 1.112549059909209194e-02 9.998664890931441285e-01 4.998766365193070271e-01
0011706 011495 2.002635300737753716e-03 -9.999305873235769804e-01 1.165114310359845196e-02 7.300716802418901352e+01 9.999235045115435483e-01 2.144141071956305513e-03 1.214529888584890520e-02 -4.322606483993854454e+01 -1.216935939191636333e-02 1.162593288241160240e-02 9.998584806961631211e-01 4.664343976226170696e-01
0011707 011496 2.198995735195323053e-03 -9.999213617439168811e-01 1.237601341784376821e-02 7.230857547653772599e+01 9.999209558071032733e-01 2.351324024768476888e-03 1.230714368657950634e-02 -4.325549706142055584e+01 -1.233519776988693979e-02 1.234797805214095205e-02 9.998477920798134466e-01 4.153383148083769072e-01
0011708 011497 2.481604907987100539e-03 -9.999239398520519684e-01 1.211082992573207090e-02 7.154475523665246328e+01 9.999206877785113967e-01 2.630234383915398128e-03 1.227181665449752351e-02 -4.329171599391543168e+01 -1.230265948570143444e-02 1.207942173884582124e-02 9.998514735371073492e-01 4.272198765331864934e-01
0011709 011498 2.592567166097174691e-03 -9.999232463130306447e-01 1.214544182838080133e-02 7.084380079499851490e+01 9.999248382819172498e-01 2.737183342194234991e-03 1.190540403937219091e-02 -4.331538344986324773e+01 -1.193765679139969192e-02 1.211366944769832338e-02 9.998554837666877582e-01 4.064269159899396300e-01
0011710 011499 2.946616898012198883e-03 -9.999321358760925316e-01 1.130953948129118959e-02 7.007122679455142134e+01 9.999272480057056489e-01 3.078055780884457471e-03 1.162196865074825551e-02 -4.335629685926028287e+01 -1.165591373610094100e-02 1.127447526955582639e-02 9.998686228677408083e-01 4.468724423183871863e-01
0011711 011500 3.075255271285727652e-03 -9.999439493137023405e-01 1.017699948990111354e-02 6.936292865891550719e+01 9.999338307839192863e-01 3.187315457165965267e-03 1.101301713382605608e-02 -4.338052382901514648e+01 -1.104476017226407002e-02 1.014246080328849720e-02 9.998876841799978488e-01 4.934027768679669634e-01
0011712 011501 2.968470479883522639e-03 -9.999326093587480591e-01 1.125529959111053017e-02 6.860589290465077283e+01 9.999388874040002761e-01 3.087397720746027502e-03 1.056349485179600145e-02 -4.339168305300495376e+01 -1.059745598756797746e-02 1.122325981080837462e-02 9.998809777305281976e-01 3.929020741818369800e-01
0011713 011502 3.211868388645535994e-03 -9.999114991053273949e-01 1.293644664553259688e-02 6.789004451292476006e+01 9.999339835242413432e-01 3.353456496335037191e-03 1.093791287602689094e-02 -4.342358514388001822e+01 -1.098024987143074276e-02 1.290046890029868283e-02 9.998566143312933585e-01 2.902539118959559516e-01
0011714 011503 3.144035516527148629e-03 -9.999035860686998900e-01 1.355910512000341704e-02 6.712352973069778272e+01 9.999462468164415085e-01 3.276943872422281162e-03 9.790907094676044517e-03 -4.343851786611594434e+01 -9.834319804034017537e-03 1.352759869943926350e-02 9.998602540579827336e-01 1.963932607710177081e-01
0011715 011504 2.972666304974981143e-03 -9.999053679070691869e-01 1.347565190112583709e-02 6.635686873823533460e+01 9.999562095906844306e-01 3.091372002685017356e-03 8.796469288644888709e-03 -4.344661071358859772e+01 -8.837220512758418856e-03 1.344891521275540062e-02 9.998706255339125937e-01 1.552730929509920088e-01
0011716 011505 3.178508229357068521e-03 -9.999255149693571099e-01 1.183345182417317766e-02 6.562791989569700490e+01 9.999525697533933055e-01 3.286679057792529259e-03 9.132680513023055252e-03 -4.347450504809762606e+01 -9.170818154371285572e-03 1.180386363298117393e-02 9.998883949875161381e-01 2.726819851911628234e-01
0011717 011506 3.075524570480564317e-03 -9.999472965136463332e-01 9.829716129875515351e-03 6.490911753523641892e+01 9.999468861638447503e-01 3.171355438846467246e-03 9.748146204140028734e-03 -4.348087739796483220e+01 -9.778730025714664140e-03 9.799217992041329983e-03 9.999042899919849958e-01 4.206441632610626868e-01
0011718 011507 2.590996304069015984e-03 -9.999547847637009212e-01 9.210537131258030030e-03 6.414472679823620638e+01 9.999493338138938370e-01 2.680027357844845960e-03 9.666800506086519612e-03 -4.346692743288645033e+01 -9.690972568165317699e-03 9.185023933498469989e-03 9.999109749517974821e-01 4.491984603895886607e-01
0011719 011508 2.446512808454137048e-03 -9.999503512893981316e-01 9.703661014645082600e-03 6.342456144429343112e+01 9.999451348005903295e-01 2.544648202738066835e-03 1.011359011773246656e-02 -4.347323149530961928e+01 -1.013770427730308239e-02 9.678388498985605881e-03 9.999018917329491885e-01 4.323907184205602050e-01
0011720 011509 2.114196606797972156e-03 -9.999440060242918982e-01 1.040511595981616355e-02 6.264924361237194717e+01 9.999457723600099213e-01 2.219532477865236719e-03 1.012217951626604405e-02 -4.347044303095935902e+01 -1.014463104908821037e-02 1.038315586931332947e-02 9.998947513951619293e-01 3.830506878938493287e-01
0011721 011510 1.882401135623070843e-03 -9.999350750958747591e-01 1.129044064140709812e-02 6.186573399408007390e+01 9.999433356464134670e-01 2.000129028759409146e-03 1.042487039228168905e-02 -4.347401836914423257e+01 -1.044669959898821693e-02 1.127017816852355844e-02 9.998820364875571354e-01 3.379651295903833841e-01
0011722 011511 1.644349438374314090e-03 -9.999320711790484761e-01 1.158368562519655927e-02 6.114082501052052976e+01 9.999392295175952849e-01 1.769999877423093348e-03 1.084518939838603757e-02 -4.347534159054816882e+01 -1.086487901987061647e-02 1.156515107169059538e-02 9.998742115606442660e-01 3.334332974850298115e-01
0011723 011512 1.298311420902788661e-03 -9.999304401715609636e-01 1.175875350818188399e-02 6.041826409546069954e+01 9.999445012101251251e-01 1.420539101074164406e-03 1.039214731151228907e-02 -4.347199544926934323e+01 -1.040805186171606112e-02 1.174461340125888473e-02 9.998769793434395536e-01 2.970706314966378159e-01
0011724 011513 1.084035985935762406e-03 -9.999282439770635911e-01 1.198340506609260961e-02 5.962540108066241373e+01 9.999369943760342272e-01 1.217485723795382925e-03 1.113446833380307179e-02 -4.347624645418864020e+01 -1.114818180992742207e-02 1.197058050389858581e-02 9.998663213106961933e-01 3.122339831276548239e-01
0011725 011514 8.868829252246590101e-04 -9.999358905925587182e-01 1.133833129778119911e-02 5.889054066127596343e+01 9.999255486400769888e-01 1.024428202906296987e-03 1.213089635141531737e-02 -4.347863536942986684e+01 -1.214165572290683281e-02 1.132673009497995632e-02 9.998622517398559895e-01 3.874784132962076910e-01
0011726 011515 5.419457443614274792e-04 -9.999406414694189671e-01 1.090438489030577836e-02 5.809428037054931337e+01 9.999465378879076605e-01 6.539931523107541354e-04 1.027447074093550128e-02 -4.346964708341897676e+01 -1.028098348370541301e-02 1.089824481107495684e-02 9.998877074997671865e-01 3.737581523634680991e-01
0011727 011516 1.764049985491092441e-04 -9.999396501249991909e-01 1.100671252564141937e-02 5.736341814811680706e+01 9.999550934623622211e-01 2.801349753570477573e-04 9.423407657592376349e-03 -4.346808035061690134e+01 -9.425914087579321046e-03 1.100456713730190057e-02 9.998949693017140650e-01 3.257859105360338958e-01
0011728 011517 -1.508722409932342133e-05 -9.999422631969203668e-01 1.077510978161115400e-02 5.656449933723251888e+01 9.999367195900811245e-01 1.055623777304810524e-04 1.119642073626677357e-02 -4.348296973460469417e+01 -1.119683457819971306e-02 1.077460267248075108e-02 9.998793807185045734e-01 3.617236666695475833e-01
0011729 011518 -4.087455554294046898e-05 -9.999301384113842284e-01 1.184753267845956894e-02 5.574921634025599815e+01 9.999457958214640341e-01 8.204623983398690577e-05 1.037455556110484026e-02 -4.349104391154492077e+01 -1.037479417248850233e-02 1.184732477810671730e-02 9.998759435800710360e-01 3.095367098818435636e-01
0011730 011519 -2.601327310576632946e-04 -9.999242492665303406e-01 1.231379345699640769e-02 5.500615590506549779e+01 9.999512638611989246e-01 -1.393319011440029764e-04 9.810061261999562798e-03 -4.349746983604950401e+01 -9.807593645127688983e-03 1.231576039640559783e-02 9.998760078755909442e-01 2.548344722018960340e-01
0011731 011520 -5.568224677930840028e-04 -9.999297019616952831e-01 1.186196689849276960e-02 5.426332406952974452e+01 9.999695477881688221e-01 -4.651884767016124344e-04 7.726419680910511997e-03 -4.350303943664653161e+01 -7.720351200865472989e-03 1.186592045363868593e-02 9.998997420440020045e-01 1.823727240490882195e-01
0011732 011521 -5.904349519898499394e-04 -9.999356247201951486e-01 1.135813775896187504e-02 5.344319773713300492e+01 9.999720322943942419e-01 -5.063149689550570367e-04 7.407632676016979306e-03 -4.352079077681582930e+01 -7.401398406171289315e-03 1.136220401030629996e-02 9.999080046015980106e-01 1.894697492867116750e-01
0011733 011522 -7.956021410489276004e-04 -9.999462166693019460e-01 1.036384387582835361e-02 5.269031714906873276e+01 9.999759294077671390e-01 -7.248152600040299893e-04 6.832200619921439781e-03 -4.352726229481959308e+01 -6.824314681666622182e-03 1.036904092856568219e-02 9.999229018984131523e-01 2.117697557756628157e-01
0011734 011523 -1.279917737542053246e-03 -9.999455873818432483e-01 1.037729304459691047e-02 5.188486225610449765e+01 9.999893725592369220e-01 -1.234955597709552896e-03 4.338085965995120905e-03 -4.352467242684087978e+01 -4.325029510126724049e-03 1.038274572216634287e-02 9.999366933799908042e-01 9.771052651835532288e-02
0011735 011524 -1.593766505369869366e-03 -9.999306906059343136e-01 1.170059007555586568e-02 5.113703884536334954e+01 9.999920741426647774e-01 -1.551907112735533955e-03 3.585855732006807805e-03 -4.352700035663360723e+01 -3.567446019293237739e-03 1.170622007840449626e-02 9.999250651179439897e-01 -8.926238848856016261e-03
0011736 011525 -1.665529561012196345e-03 -9.998966563193333323e-01 1.429938758162173709e-02 5.031346687897007541e+01 9.999895704953860598e-01 -1.605973410009381387e-03 4.175503737240565151e-03 -4.353898438418195838e+01 -4.152103241355546530e-03 1.430620560843555607e-02 9.998889891696799426e-01 -1.184136919770040208e-01
0011737 011526 -1.838151233148359450e-03 -9.998784138108434139e-01 1.549849954974630642e-02 4.955318832101374937e+01 9.999870013728270335e-01 -1.765833989467494990e-03 4.678561885017832808e-03 -4.354495768300648706e+01 -4.650619948934474335e-03 1.550691357620540521e-02 9.998688941670001995e-01 -1.569345808626465555e-01
0011739 011527 -1.977405670471595999e-03 -9.998857295501112352e-01 1.500363115569227669e-02 4.872193841241414702e+01 9.999923874575762373e-01 -1.928808774485957960e-03 3.252885884786068695e-03 -4.355691647305502556e+01 -3.223570823515618366e-03 1.500996353041336544e-02 9.998820969244872625e-01 -1.945696592252481594e-01
0011740 011528 -1.858055353736334445e-03 -9.999045880796373353e-01 1.369719158529040907e-02 4.793977462871998796e+01 9.999928810625292597e-01 -1.815386814353928471e-03 3.127006451560138990e-03 -4.357782871752419851e+01 -3.101837247701183867e-03 1.370292065929451519e-02 9.999012484708089676e-01 -1.423016872031297453e-01
0011741 011529 -1.384903783843485824e-03 -9.998989233855034575e-01 1.416501758557979322e-02 4.707464175621817049e+01 9.999806094486518582e-01 -1.299903460569218003e-03 6.008241181551648817e-03 -4.361221875099317913e+01 -5.989214567423691016e-03 1.417307823958249141e-02 9.998815686218590626e-01 -4.655334225446594587e-02
0011742 011530 -1.075232080491154291e-03 -9.998711109952604925e-01 1.603987800735889521e-02 4.627887999247923290e+01 9.999772967578873795e-01 -9.692715387915404194e-04 6.612431065585096593e-03 -4.364090854926348584e+01 -6.596025748011219089e-03 1.604663644932167663e-02 9.998494366984406190e-01 -1.076858192519338786e-01
0011743 011531 -7.186151071281508904e-04 -9.998584651457859129e-01 1.683439843308947789e-02 4.541001651138344641e+01 9.999798119895367821e-01 -6.129542049097476712e-04 6.280840469180756953e-03 -4.367521191664559410e+01 -6.269627259448158109e-03 1.683858270653507475e-02 9.998385130148208511e-01 -1.563760242570957359e-01
0011744 011532 2.135777806847544505e-04 -9.999043744459144012e-01 1.385797618453548340e-02 4.457434183338432376e+01 9.999713045619841312e-01 3.179717768762965377e-04 7.531360590389110828e-03 -4.372928356668398919e+01 -7.535040530545122385e-03 1.385597917098549403e-02 9.998755588177202780e-01 2.641660506011334064e-02
0011745 011533 4.769622459206298258e-04 -9.999252656999613187e-01 1.223683754964258706e-02 4.369827951652018783e+01 9.999683404514096985e-01 5.734051936530580292e-04 7.879039548843225216e-03 -4.375605348623480495e+01 -7.885460187581986788e-03 1.223270409501140722e-02 9.998940336413517649e-01 1.054312538560644441e-01
0011746 011534 6.128538082784257528e-04 -9.999001621999881184e-01 1.413404596968696920e-02 4.289412589954281430e+01 9.999675309163941206e-01 7.255168777309393057e-04 7.967263454313724264e-03 -4.377872183585236598e+01 -7.976715233935617946e-03 1.412871798072345281e-02 9.998683160410807291e-01 2.337057963194055787e-02
0011747 011535 1.074653873451326090e-03 -9.998468931126983650e-01 1.748419004305040020e-02 4.200657030867887443e+01 9.999698664059232245e-01 1.208025354221505801e-03 7.619304979953894427e-03 -4.381733388619227298e+01 -7.639252876503716851e-03 1.747548893899369266e-02 9.998180570917362120e-01 -1.342519902817755906e-01
0011748 011536 1.540565129449387007e-03 -9.998261855086008065e-01 1.860899447042124386e-02 4.118331084624401228e+01 9.999601078481340499e-01 1.703172286194302391e-03 8.725367657409211636e-03 -4.386098595100565944e+01 -8.755470610679570720e-03 1.859481739648079571e-02 9.997888837908304183e-01 -1.711322270725048611e-01
0011749 011537 1.851917362539113113e-03 -9.998385321225329303e-01 1.788946941605781479e-02 4.028756057063083063e+01 9.999817205408806364e-01 1.953212816160473150e-03 5.646412500177749871e-03 -4.388524946489087597e+01 -5.680437073163378987e-03 1.787870134689773308e-02 9.998239759512683733e-01 -2.409397022070933758e-01
0011750 011538 2.156843815448305970e-03 -9.998753842379678458e-01 1.566427863267568638e-02 3.945814326575941777e+01 9.999862268276443755e-01 2.230503474770119052e-03 4.686356201068178629e-03 -4.391470894853227946e+01 -4.720707132632158062e-03 1.565396569518670913e-02 9.998662742913366763e-01 -2.001395616803556265e-01
0011751 011539 2.576686880863883911e-03 -9.999079833854854771e-01 1.336174407738677065e-02 3.855888440744888612e+01 9.999765817025579873e-01 2.660415497686994656e-03 6.252156158800388670e-03 -4.395592436364131572e+01 -6.287056956098506857e-03 1.334532373653204637e-02 9.998913006979894824e-01 -8.883767874269921094e-02
0011752 011540 2.896375634458657998e-03 -9.998802275095335368e-01 1.522156815138420161e-02 3.772465274792079981e+01 9.999802538335196278e-01 2.979707607848125408e-03 5.454642125689448430e-03 -4.397609598980352530e+01 -5.499339122514106289e-03 1.520548250748721651e-02 9.998692158071800229e-01 -1.601612733819486323e-01
0011753 011541 3.316606286169463281e-03 -9.998439755073808000e-01 1.737350112253121387e-02 3.682348881389179951e+01 9.999663104734806129e-01 3.445298710602153792e-03 7.382568406788595806e-03 -4.401769442510476438e+01 -7.441200173533082246e-03 1.734844057346312737e-02 9.998219331265878473e-01 -1.963619564265037809e-01
0011754 011542 3.799046434226877045e-03 -9.998188610537575016e-01 1.867292859160204349e-02 3.598091630104522665e+01 9.999590968328736507e-01 3.950442891127880010e-03 8.077464494380570681e-03 -4.405168295379485244e+01 -8.149693730555815016e-03 1.864148830787815472e-02 9.997931361700519437e-01 -2.136745388821097436e-01
0011755 011543 4.224664664720882874e-03 -9.998460671380120512e-01 1.704674996770880885e-02 3.506681953971906296e+01 9.999612057527133002e-01 4.354334784747524410e-03 7.576606815472767056e-03 -4.408549408215594667e+01 -7.649594299431164771e-03 1.701409248747245972e-02 9.998261059426788444e-01 -1.807628380811721058e-01
0011756 011544 4.920586340903396021e-03 -9.999051842716870642e-01 1.290232077143495075e-02 3.420740347479318189e+01 9.999571968352918283e-01 5.020500662964565847e-03 7.722655065549891180e-03 -4.412506996511569923e+01 -7.786625469238763440e-03 1.286377174526590755e-02 9.998870584093478842e-01 -3.848291149949645273e-02
0011757 011545 5.449626335625766711e-03 -9.999411554871845409e-01 9.434257778921817383e-03 3.328573828668822898e+01 9.999639729716772729e-01 5.510091999660988484e-03 6.394551487157125458e-03 -4.416216027450218462e+01 -6.446086843844237718e-03 9.399071057438935714e-03 9.999351695690118502e-01 8.580481511302195941e-03
0011758 011546 5.885972844321573326e-03 -9.999492821992448377e-01 8.227893380409934468e-03 3.243721647991219470e+01 9.999608700000263140e-01 5.939423196168569334e-03 6.486308503472576655e-03 -4.419296467643448523e+01 -6.534776083662046861e-03 8.189394391405537335e-03 9.999452327054969558e-01 4.561772847944745024e-02
0011759 011547 6.193570355899385288e-03 -9.999283709313616653e-01 1.028857624236019161e-02 3.152884713136973005e+01 9.999681793901852300e-01 6.244019448456778615e-03 4.878003430866598156e-03 -4.422434951214040666e+01 -4.941825515418032423e-03 1.025803888872823567e-02 9.999352924693218903e-01 -9.755527691201315577e-02
0011760 011548 6.489401756882930139e-03 -9.999012087746760313e-01 1.249399222839147651e-02 3.068861051325575318e+01 9.999738515790188575e-01 6.526362290469368138e-03 2.919312316932383845e-03 -4.425422560594893184e+01 -3.000494490325104988e-03 1.247472898955042514e-02 9.999178049040324812e-01 -2.557564310480877623e-01
0011761 011549 6.992464448245858284e-03 -9.998813401751271979e-01 1.376017734540807905e-02 2.976647935529149436e+01 9.999718667583719078e-01 7.026822278693660440e-03 2.449700101717369738e-03 -4.428900585652627342e+01 -2.546031528872076590e-03 1.374266615332420463e-02 9.999024429060751062e-01 -3.167833972258371489e-01
0011762 011550 7.541032060059354655e-03 -9.998844596031831733e-01 1.324283302235496063e-02 2.890915302529583641e+01 9.999689964836795397e-01 7.568426851869882420e-03 2.019255187739735398e-03 -4.432191530963041259e+01 -2.119182454697456607e-03 1.322719695062113052e-02 9.999103904193423764e-01 -3.262148767139994021e-01
0011763 011551 7.911921474018014655e-03 -9.999011838883080650e-01 1.166016524916023596e-02 2.798930850728947917e+01 9.999617919314189862e-01 7.953273045450973133e-03 3.503698847334329840e-03 -4.434872610067532150e+01 -3.596019824627244305e-03 1.163200240482841798e-02 9.999259990028527278e-01 -2.255364631861880298e-01
0011764 011552 8.275878391417386751e-03 -9.999088010928686154e-01 1.070306158059581084e-02 2.713943317043140269e+01 9.999585947481497428e-01 8.314179821043019697e-03 3.538321621212928408e-03 -4.437506288237500485e+01 -3.626915723901428038e-03 1.067334182244351198e-02 9.999365797652636223e-01 -2.059964556122935164e-01
0011765 011553 8.476683250026617947e-03 -9.999051815468276150e-01 1.089658351161923097e-02 2.622849847795259848e+01 9.999578084661886468e-01 8.513363511934485608e-03 3.323551358983349666e-03 -4.439972883004452342e+01 -3.415933814013967680e-03 1.086795382633431312e-02 9.999352265617879043e-01 -2.298133368926755793e-01
0011766 011554 8.859159411567575290e-03 -9.998919141760952423e-01 1.176414507064638300e-02 2.537755043665288213e+01 9.999548485831174505e-01 8.897020234299205313e-03 3.169224406374235910e-03 -4.442681521037638959e+01 -3.273477947452542100e-03 1.173554359955640732e-02 9.999258971112282568e-01 -2.640857869783843626e-01
0011767 011555 9.130711213417470884e-03 -9.998902503538282804e-01 1.171319891725740130e-02 2.446043028930967012e+01 9.999530240949918714e-01 9.166796761822675749e-03 3.030082071902058440e-03 -4.445262879728579719e+01 -3.137053787291156203e-03 1.168498379289137704e-02 9.999269265494972192e-01 -2.753330462519443245e-01
0011768 011556 9.507046740868649315e-03 -9.998940083295572157e-01 1.107072154540449799e-02 2.360681986505005625e+01 9.999485681526487646e-01 9.544174986829571938e-03 3.304971251321741493e-03 -4.447852223913128000e+01 -3.410212914431948704e-03 1.103873439457102486e-02 9.999333753487158472e-01 -2.540130688395478842e-01
0011769 011557 9.844440342930608698e-03 -9.999040774724494707e-01 9.802432280083775429e-03 2.268361515065294043e+01 9.999465340161802773e-01 9.873924456229208127e-03 2.963085088258473297e-03 -4.450555173967859446e+01 -3.059521628869036215e-03 9.772737885715093373e-03 9.999476842928285425e-01 -2.498282802423208437e-01
0011770 011558 1.011733141908347997e-02 -9.999178165932780527e-01 7.931861718703034705e-03 2.183029282964798767e+01 9.999446695977588506e-01 1.013855288458747478e-02 2.638666654289530990e-03 -4.452979462504663388e+01 -2.718798934225218587e-03 7.904727524291180196e-03 9.999651803168140285e-01 -2.300118443414671532e-01
0011771 011559 1.040992842853712651e-02 -9.999155014591022406e-01 7.844247211808277886e-03 2.090749968553291183e+01 9.999425184508536901e-01 1.042828866255191694e-02 2.302119885545603900e-03 -4.455607494102991950e+01 -2.383659281064506516e-03 7.819832347914560527e-03 9.999667028791247025e-01 -2.516571357155532596e-01
0011772 011560 1.072157002353842960e-02 -9.999053743716718179e-01 8.668912274640278373e-03 2.005287208182016911e+01 9.999400771198730942e-01 1.073834314524553871e-02 1.889500165559833108e-03 -4.458127352106203034e+01 -1.982343127552650859e-03 8.648136542418270734e-03 9.999607585194841830e-01 -2.938469507797556446e-01
0011773 011561 1.135095329672953374e-02 -9.998517303811669255e-01 1.298673733327501169e-02 1.911695267079971927e+01 9.999315094298716344e-01 1.138504465627802192e-02 2.553398252331167805e-03 -4.461307570310918891e+01 -2.700806059746772240e-03 1.295686844939023148e-02 9.999125280046471387e-01 -3.541855022276259035e-01
0011774 011562 1.207440309520463675e-02 -9.997908005384427144e-01 1.653269171194044623e-02 1.824439865563704188e+01 9.999220394781529464e-01 1.212250614089258743e-02 2.811812943428141504e-03 -4.464457581571718947e+01 -3.011573267155936724e-03 1.649746180744121604e-02 9.998594914372961329e-01 -4.096476766778565093e-01
0011775 011563 1.296643996965199559e-02 -9.997479054204085891e-01 1.835256095341418828e-02 1.729206180104597479e+01 9.999096985645354874e-01 1.302634755124523584e-02 3.147875347411509348e-03 -4.468046223342139456e+01 -3.386079341203147939e-03 1.831009764333399112e-02 9.998267415914358081e-01 -4.297082248085501988e-01
0011776 011564 1.379074430413234666e-02 -9.997629948376876019e-01 1.687901147792657264e-02 1.633917581052855894e+01 9.998998409976892487e-01 1.384058303438987295e-02 2.838737811721703773e-03 -4.471513031560039053e+01 -3.071612080561561368e-03 1.683817742850431814e-02 9.998536290002576488e-01 -4.256993866528020476e-01
0011777 011565 1.466825141393721631e-02 -9.997825665262649597e-01 1.484974922583856202e-02 1.545338248209372978e+01 9.998890815025941459e-01 1.470206694693857591e-02 2.169696679808116088e-03 -4.474956659051349561e+01 -2.387478617426539752e-03 1.481628376274025417e-02 9.998875017665462828e-01 -4.323682966247055504e-01
0011778 011566 1.557597437349084180e-02 -9.997828862934525773e-01 1.386763884411255400e-02 1.456670929863616948e+01 9.998758476825018171e-01 1.560420640733337951e-02 1.928943068254854263e-03 -4.478347017735154623e+01 -2.144849277384748738e-03 1.383587998023424678e-02 9.999020984951345614e-01 -4.377907099640445665e-01
0011779 011567 1.648884393517149882e-02 -9.997524670367040622e-01 1.496548784897864560e-02 1.361036766539336895e+01 9.998613622939334089e-01 1.651836753321866275e-02 1.850329827818183960e-03 -4.481850749756745245e+01 -2.097009192421790246e-03 1.493291081395630056e-02 9.998864181872193502e-01 -4.649679760668590234e-01
0011780 011568 1.764441759610372099e-02 -9.997231421936362272e-01 1.559410627665236589e-02 1.271168969926202408e+01 9.998409496989105749e-01 1.767978049061714324e-02 2.131750981304600910e-03 -4.485406395375048305e+01 -2.406792886805518387e-03 1.555402029849694071e-02 9.998762514998315032e-01 -4.645908539266336845e-01
0011781 011569 1.876648198032118339e-02 -9.997177552307398019e-01 1.460523923765403437e-02 1.174143659406377083e+01 9.998219758049463612e-01 1.879019266028948698e-02 1.486748855952968636e-03 -4.489095016101487090e+01 -1.760697640755748894e-03 1.457474197601860838e-02 9.998923519248138492e-01 -4.860517634283993971e-01
0011782 011570 1.994507938504751568e-02 -9.997415687437584131e-01 1.093969723055576715e-02 1.083563157656681142e+01 9.998001889881789062e-01 1.995267789847646883e-02 5.842183020077532877e-04 -4.492658839750220068e+01 -8.022759132009364995e-04 1.092586526974053708e-02 9.999401084612711266e-01 -4.921758683814596580e-01
0011783 011571 2.117954409010629202e-02 -9.997569438136876263e-01 6.210430556491169408e-03 9.854879208939564705e+00 9.997752947252628308e-01 2.118063284392620801e-02 1.064474049073581096e-04 -4.496328214419031610e+01 -2.378976468766964304e-04 6.206778327417431310e-03 9.999808288591881533e-01 -4.776175911191708479e-01
0011784 011572 2.244386003284194048e-02 -9.997365711272560018e-01 4.929299678180563624e-03 8.945452645707291595e+00 9.997475858947796334e-01 2.244027781126989654e-02 -7.850229959403248053e-04 -4.499764265812564190e+01 6.742638809786801217e-04 4.945669791396809824e-03 9.999876622399513915e-01 -5.173004217391659054e-01
0011785 011573 2.422591155188106096e-02 -9.996890044133561748e-01 5.971074231920057637e-03 7.942005915336267208e+00 9.997046154233828474e-01 2.421579624214610996e-02 -1.764283977445465666e-03 -4.503726810248599577e+01 1.619207021845369592e-03 6.012054105257064532e-03 9.999807359976548016e-01 -5.794412852892865118e-01
0011786 011574 2.613594964410512200e-02 -9.996299735464959646e-01 7.590670203812855364e-03 7.000529342981963055e+00 9.996550492528496479e-01 2.611706640916663935e-02 -2.579390589622929889e-03 -4.507438236430812140e+01 2.380254297990454411e-03 7.655468840894258213e-03 9.999679831289538523e-01 -6.294060419125075967e-01
0011787 011575 2.848207360850687694e-02 -9.995679791293270444e-01 7.314805833090999576e-03 5.964762920475322971e+00 9.995915289429848638e-01 2.846555764572505920e-02 -2.355706537931662268e-03 -4.511221832566548073e+01 2.146532533581474184e-03 7.378914286747946007e-03 9.999705911142301451e-01 -6.239442982361618206e-01
0011788 011576 3.052197119313691809e-02 -9.995179292550927519e-01 5.786373839075486213e-03 5.009115393474075972e+00 9.995309601551879419e-01 3.050767943973878987e-02 -2.547080044347429118e-03 -4.514369678867456059e+01 2.369384541522461841e-03 5.861398305224725137e-03 9.999801343752688920e-01 -6.306869799079413141e-01
0011789 011577 3.282895285296823923e-02 -9.994462335910884176e-01 5.503633257513832269e-03 3.969650374551747518e+00 9.994576812181232839e-01 3.281536877670569730e-02 -2.546019102332636782e-03 -4.517720444740211860e+01 2.364069607378371015e-03 5.584231964726340744e-03 9.999817331457780956e-01 -6.392316410453950937e-01
0011790 011578 3.522696153710770661e-02 -9.993650187962239695e-01 5.432647207653063665e-03 2.996652099657467261e+00 9.993755874648972970e-01 3.521241400682306039e-02 -2.756472714245269962e-03 -4.520719380634363915e+01 2.563489002507524095e-03 5.526356432535977151e-03 9.999815633482679322e-01 -6.554273569520772114e-01
0011791 011579 3.789244741664204996e-02 -9.992707183557395512e-01 4.794128096795682512e-03 1.936509924176789355e+00 9.992781376341407507e-01 3.787983935526099966e-02 -2.701062375914432129e-03 -4.523701806535405012e+01 2.517555884663360676e-03 4.893017110037726700e-03 9.999849795937723052e-01 -6.570163628277523316e-01
0011792 011580 4.038170852090568891e-02 -9.991818573614704713e-01 2.420126224080880895e-03 9.536391340329828381e-01 9.991822348216254923e-01 4.037716726297471692e-02 -1.911757436709081480e-03 -4.526095112523330499e+01 1.812539237461949573e-03 2.495343711586483007e-03 9.999953634953704373e-01 -6.256247815142135238e-01
0011793 011581 4.288392616158175075e-02 -9.990801077439783739e-01 -6.777221909626324941e-04 -1.045830639739051549e-01 9.990771063523904427e-01 4.288531879248821260e-02 -2.126796312037127282e-03 -4.528527047720513110e+01 2.153971244896716371e-03 -5.858943964384308008e-04 9.999976281032897374e-01 -6.456158234262741047e-01
