0012937 013006 -2.779725840556081240e-02 -9.995763884520337816e-01 8.665921190682287709e-03 1.358403604117584109e+02 9.994993627087681576e-01 -2.766233645464393279e-02 1.532141792136380160e-02 -2.891455227369056047e+01 -1.507512706713811518e-02 9.087479178319143175e-03 9.998451854125899319e-01 1.052691363674302494e+00
0012938 013007 -2.559165780411640917e-02 -9.996256018883805661e-01 9.708930399780711304e-03 1.349309770625197871e+02 9.995846232272025400e-01 -2.545979262593926068e-02 1.347246824738255154e-02 -2.922628332861404488e+01 -1.322022618504467908e-02 1.004969028088999357e-02 9.998620541067306799e-01 9.336283219403327394e-01
0012939 013008 -2.303646922655414389e-02 -9.996924375041612576e-01 9.249601053848911097e-03 1.339484117899144167e+02 9.996302984934195557e-01 -2.289964545762121495e-02 1.463761544174155965e-02 -2.959733918010192610e+01 -1.442122010244064473e-02 9.583380479766272567e-03 9.998502007552830806e-01 9.511655117903607959e-01
0012940 013009 -2.082037702035492016e-02 -9.997352489710187307e-01 9.823502787999852451e-03 1.330382293866557575e+02 9.996988417087483425e-01 -2.069030099831407205e-02 1.316363331139506522e-02 -2.990428686570317041e+01 -1.295688653522543074e-02 1.009462601072361534e-02 9.998650486565072715e-01 9.061801665501292291e-01
0012941 013010 -1.838157440539667231e-02 -9.997835821650333799e-01 9.782703978993733535e-03 1.320566424566968635e+02 9.997570312597755526e-01 -1.826055160021993612e-02 1.232118839002039126e-02 -3.024926423093711492e+01 -1.213987456403066954e-02 1.000681771380346717e-02 9.998761848400321561e-01 8.830171313149790535e-01
0012942 013011 -1.620507401291710475e-02 -9.998253291636534090e-01 9.340491512021570353e-03 1.311521418565985186e+02 9.998080139192407900e-01 -1.610086164848121421e-02 1.112751708545379331e-02 -3.055659518095581006e+01 -1.097517431603901340e-02 9.519030068253109267e-03 9.998944102026320335e-01 9.018751206116064623e-01
0012943 013012 -1.362533108811126228e-02 -9.998635842573733168e-01 9.345503186501197962e-03 1.301669102575756369e+02 9.998511131647510597e-01 -1.352557187642559194e-02 1.065699179651727682e-02 -3.091465467344482931e+01 -1.052912525828620348e-02 9.489329475562965216e-03 9.998994889690829835e-01 8.837401250957483967e-01
0012944 013013 -1.138392321758280139e-02 -9.998906553771357286e-01 9.473272415682775990e-03 1.292626658689946453e+02 9.998869689479711331e-01 -1.129018984526868052e-02 9.890696184217111220e-03 -3.122598948767335969e+01 -9.782651527430375263e-03 9.584805096631373103e-03 9.999061602078453959e-01 8.404380720107624825e-01
0012945 013014 -9.233221299463688012e-03 -9.999067127852760972e-01 1.008614540632859005e-02 1.282934189429365688e+02 9.999129161140687394e-01 -9.137776073696342663e-03 9.469094246280122112e-03 -3.152497618357460851e+01 -9.376037612151437439e-03 1.017270849109415225e-02 9.999042473590707969e-01 7.455513389626311493e-01
0012946 013015 -7.306710290053321753e-03 -9.999154906132871057e-01 1.078157160844824686e-02 1.274013367214017762e+02 9.999333648889024984e-01 -7.210118449915378126e-03 8.971291036707558161e-03 -3.179188632309183049e+01 -8.892788857448459885e-03 1.084641356700882450e-02 9.999015809727648252e-01 6.368120891566704245e-01
0012947 013016 -5.815421445666732990e-03 -9.999325902401510202e-01 1.005940251012805119e-02 1.264525197093259976e+02 9.999540288057288118e-01 -5.739081663446949332e-03 7.601600020506766447e-03 -3.200434719452914578e+01 -7.543347952220504429e-03 1.010315994959260291e-02 9.999204578539003796e-01 6.803648150348600154e-01
0012948 013017 -4.530942927437263748e-03 -9.999578762891143668e-01 8.003287516979394611e-03 1.255789968664596472e+02 9.999658495930953128e-01 -4.476006531504061504e-03 6.869257587377808859e-03 -3.218505421393956567e+01 -6.833138249865915170e-03 8.034148675647863683e-03 9.999443277714274991e-01 9.088678354289783101e-01
0012949 013018 -3.338734858151394883e-03 -9.999828972393919324e-01 4.849433371714196965e-03 1.246381340360376271e+02 9.999657079532372483e-01 -3.302158308862285924e-03 7.531454248447177688e-03 -3.235011216532734579e+01 -7.515304627747848056e-03 4.874419234819734464e-03 9.999598282729380561e-01 1.315238714744113580e+00
0012951 013019 -2.361067848072455691e-03 -9.999948312501925063e-01 2.318536192117834609e-03 1.237751582756507105e+02 9.999662728851546056e-01 -2.342871334213920270e-03 7.820612251338792884e-03 -3.248650461797137723e+01 -7.815133136191681346e-03 2.336926691753170825e-03 9.999666796403977598e-01 1.629468816630361694e+00
0012952 013020 -1.612670339736650780e-03 -9.999970280239276477e-01 1.874319245646213165e-03 1.228589868349758945e+02 9.999654838352229902e-01 -1.597483276911298598e-03 8.076771343808108669e-03 -3.259815518233403964e+01 -8.073744031158021361e-03 1.887285600378525805e-03 9.999655747289506458e-01 1.685749401753136922e+00
0012953 013021 -1.378488318334226146e-03 -9.999958887600755020e-01 2.589515774105589658e-03 1.220346279148659505e+02 9.999711880740000947e-01 -1.359296577514618014e-03 7.398909702527653627e-03 -3.264954983630400420e+01 -7.395351777366498090e-03 2.599645774048415028e-03 9.999692237791875105e-01 1.567902202197541506e+00
0012954 013022 -1.110861013199217640e-03 -9.999908021611608744e-01 4.232373397949565873e-03 1.211444830686493788e+02 9.999717631013536057e-01 -1.079554787379353705e-03 7.392164490115430558e-03 -3.270500891477422556e+01 -7.387521674902986987e-03 4.240469636814647204e-03 9.999636697938462104e-01 1.363823475181403566e+00
0012955 013023 -1.303374619189685141e-03 -9.999858203295411974e-01 5.230030526020466863e-03 1.203377976048345772e+02 9.999698429414843881e-01 -1.263526191212469094e-03 7.615427035012527733e-03 -3.270117431362132265e+01 -7.608704532944847963e-03 5.239803735808980928e-03 9.999572741052309421e-01 1.246377034948331186e+00
0012956 013024 -1.538407139008929466e-03 -9.999844346341633106e-01 5.430044784382991908e-03 1.194652095688045392e+02 9.999610999810579770e-01 -1.491384447690848915e-03 8.653384339644883474e-03 -3.269055521946143017e+01 -8.645144459152440466e-03 5.443151141987004858e-03 9.999477644046939062e-01 1.248437636603886958e+00
0012957 013025 -2.059764861146830880e-03 -9.999788903745177038e-01 6.197142908024907103e-03 1.186722973351518249e+02 9.999602801933589191e-01 -2.006265061734319177e-03 8.627083569323481388e-03 -3.264802968815683926e+01 -8.614460362788654152e-03 6.214674427302666233e-03 9.999435318124895167e-01 1.149763282485942284e+00
0012958 013026 -3.311056613037950420e-03 -9.999736954684715906e-01 6.509330560208140097e-03 1.178415643258372256e+02 9.999516445309004631e-01 -3.250958250163749497e-03 9.222088350781329144e-03 -3.253115161572372926e+01 -9.200608657454980091e-03 6.539551954893389404e-03 9.999364082422736999e-01 1.055671388278316414e+00
0012959 013027 -4.614404205165728926e-03 -9.999569158490931864e-01 8.080818335692324661e-03 1.170756002082439409e+02 9.999567200341210604e-01 -4.549321113478894951e-03 8.054373556681763274e-03 -3.239074579379507668e+01 -8.017256732259109633e-03 8.117644214338061437e-03 9.999348605807013568e-01 8.926127299585147057e-01
0012960 013028 -6.008707397962055954e-03 -9.999490578978076361e-01 8.123457096819037757e-03 1.162481549126523532e+02 9.999463271212095661e-01 -5.940316777449549356e-03 8.417505167832340512e-03 -3.224720149040854267e+01 -8.368811999924610431e-03 8.173610767431973428e-03 9.999315241538662136e-01 8.909140562521038476e-01
0012961 013029 -7.345206995941312884e-03 -9.999520292795178733e-01 6.573643230464547293e-03 1.154902199981302147e+02 9.999215241002680221e-01 -7.278154452940022515e-03 1.016764371460470232e-02 -3.211612289931213127e+01 -1.011923650146493055e-02 6.647808386103697467e-03 9.999268198690403064e-01 1.049861505500196301e+00
0012962 013030 -8.748224645926096221e-03 -9.999465149442792189e-01 5.571235481292901269e-03 1.146658511020034439e+02 9.999088918792382596e-01 -8.690693953741415040e-03 1.026956550951126264e-02 -3.197360547594053060e+01 -1.022052152621705928e-02 5.660569673213137858e-03 9.999318657697223722e-01 1.159670580609923007e+00
0012963 013031 -1.034368181388828703e-02 -9.999365360053950047e-01 4.544325002870409740e-03 1.139133017779056445e+02 9.999116366745439688e-01 -1.030546476740334949e-02 8.355858599224105093e-03 -3.180264607699587032e+01 -8.308490315426466169e-03 4.630358423433223597e-03 9.999547123353774714e-01 1.270307147101268797e+00
0012964 013032 -1.201605636155079690e-02 -9.999233340027275929e-01 3.177309801132145554e-03 1.131069556042691602e+02 9.998794782112281343e-01 -1.198429724495507498e-02 9.835746470027875374e-03 -3.163815722427239052e+01 -9.796839579391159944e-03 3.295109581224786675e-03 9.999466994012096155e-01 1.399478317725849408e+00
0012965 013033 -1.381305740745352763e-02 -9.998998527681340898e-01 3.193765484886633768e-03 1.123723700091109095e+02 9.998548804785668542e-01 -1.378064651064278209e-02 9.960407797751074516e-03 -3.145288715901870091e+01 -9.915321696420228287e-03 3.330884137283905699e-03 9.999454129945613001e-01 1.392246504656277750e+00
0012966 013034 -1.598446107533038965e-02 -9.998646577855148099e-01 4.055687221307339302e-03 1.115888324888637726e+02 9.998136376183210938e-01 -1.593959601783677751e-02 1.086677358527933686e-02 -3.122684212832996309e+01 -1.080058092723065397e-02 4.228626657221372896e-03 9.999328494891580599e-01 1.313697460983817678e+00
0012967 013035 -1.820399303785896414e-02 -9.998230397467104957e-01 4.866932781916215832e-03 1.108737622078690492e+02 9.997819266968586138e-01 -1.815317770244197562e-02 1.029206343462748044e-02 -3.099996205752290734e+01 -1.020181634274588793e-02 5.053224949319782763e-03 9.999353105315159640e-01 1.198940280336094233e+00
0012968 013036 -2.079519755704699324e-02 -9.997664194985953490e-01 5.946566811170293614e-03 1.101081132565454936e+02 9.997347299425478617e-01 -2.073527636346882141e-02 9.969758056368592525e-03 -3.073475253911874461e+01 -9.844049359102245017e-03 6.152313568075615594e-03 9.999327382847538193e-01 1.059204958158913357e+00
0012969 013037 -2.317310532330052811e-02 -9.997140023095211214e-01 5.984143278274606410e-03 1.094011951314262205e+02 9.996831499625005168e-01 -2.311303649321033715e-02 9.922667012560401970e-03 -3.049072276263109416e+01 -9.781441670306390349e-03 6.212185962266102146e-03 9.999329825273057804e-01 1.045030304763930218e+00
0012970 013038 -2.625166378954121166e-02 -9.996403205054059660e-01 5.583946377520894976e-03 1.086531252212932941e+02 9.996035572723668272e-01 -2.619325508494530982e-02 1.029202798669032193e-02 -3.017119823656548760e+01 -1.014198875187501819e-02 5.851913494347119916e-03 9.999315639340944362e-01 1.089122944403534632e+00
0012971 013039 -2.959457825431019776e-02 -9.995490923692448293e-01 5.144198262197553599e-03 1.079810150833486659e+02 9.995070639318802685e-01 -2.953893284611561545e-02 1.058086701332589148e-02 -2.982447368703083157e+01 -1.042406504471727995e-02 5.454799261034597342e-03 9.999309082658250913e-01 1.132589106814402058e+00
0012972 013040 -3.334579696316424674e-02 -9.994348659656892009e-01 4.319353916394013358e-03 1.072584773645335190e+02 9.993887417802226336e-01 -3.329854301544211276e-02 1.059175415207818174e-02 -2.943730291126371412e+01 -1.044186318070629282e-02 4.669904149361978410e-03 9.999346962441069131e-01 1.209779110776363353e+00
0012973 013041 -3.727446803745914500e-02 -9.992992779644132018e-01 3.555255794233783129e-03 1.066088873978224001e+02 9.992524945260778946e-01 -3.723595539052910325e-02 1.035348146840387763e-02 -2.903314146607795010e+01 -1.021376749798032744e-02 3.938515539158899889e-03 9.999402004238100439e-01 1.271511588733645226e+00
0012974 013042 -4.203550363394986666e-02 -9.991123894009602546e-01 2.896146502238704668e-03 1.059222753140429631e+02 9.990629533480829272e-01 -4.200336741081116959e-02 1.039507915277541016e-02 -2.854250975325817308e+01 -1.026412833350943965e-02 3.330392193962478185e-03 9.999418950643536030e-01 1.331016933094012700e+00
0012975 013043 -4.707259731516866968e-02 -9.988888752967611806e-01 2.426853462775139473e-03 1.053096967545966436e+02 9.988362554374550228e-01 -4.704450897824462297e-02 1.057555344199510861e-02 -2.802365859482188171e+01 -1.044955553106577395e-02 2.921846042981352497e-03 9.999412517157970637e-01 1.372303597789349183e+00
0012976 013044 -5.333840783141723801e-02 -9.985720995442846082e-01 3.032965735981014727e-03 1.046683659952777816e+02 9.985287860755872602e-01 -5.330614275207110758e-02 9.886071495057010758e-03 -2.737257199478199254e+01 -9.710270705586290796e-03 3.555816609735570032e-03 9.999464809059221970e-01 1.334405640027522821e+00
0012977 013045 -5.962683374374765782e-02 -9.982177166363286336e-01 2.579246266488901141e-03 1.040990606948396362e+02 9.981481426033471660e-01 -5.959135504692553847e-02 1.216436043632090382e-02 -2.673273199631444186e+01 -1.198890071427825832e-02 3.299790830361019889e-03 9.999228043477011996e-01 1.371750998061912696e+00
0012978 013046 -6.721562859374308196e-02 -9.977365827904662865e-01 2.177408442312647480e-03 1.034978322100253081e+02 9.976709744735595686e-01 -6.718570533361516162e-02 1.174205019330917983e-02 -2.596002907510319346e+01 -1.156910492836490771e-02 2.961583153074336030e-03 9.999288084612555361e-01 1.384195181590062163e+00
0012979 013047 -7.476718747146465782e-02 -9.972009236409211663e-01 1.045496426939491932e-03 1.029547056963187970e+02 9.971452244392565722e-01 -7.475201937902466176e-02 1.061347133237680943e-02 -2.519566243189387933e+01 -1.050553399450046728e-02 1.836047241349578283e-03 9.999432483909520553e-01 1.456759091454696176e+00
0012980 013048 -8.322232495786979767e-02 -9.965315705213275699e-01 -1.047830577128581363e-04 1.023731208679143947e+02 9.964735587196186239e-01 -8.321875595359096156e-02 1.069714659615261972e-02 -2.433870334733387608e+01 -1.066868847399129148e-02 7.858221793466731858e-04 9.999428978303631643e-01 1.557722168545231156e+00
0012981 013049 -9.152716846820499463e-02 -9.958027469643678797e-01 -8.968050843362531267e-04 1.018482204882054702e+02 9.957266716646901994e-01 -9.153136295224476027e-02 1.223741149562146240e-02 -2.349459959735690973e+01 -1.226805627272619867e-02 2.270769384681076608e-04 9.999248373475392304e-01 1.655409199538789622e+00
0012982 013050 -1.010936398948329845e-01 -9.948765582491658765e-01 -1.280959742416655630e-03 1.012909858540019741e+02 9.947954203301817566e-01 -1.011018464543934348e-01 1.263478470165072150e-02 -2.253069494032092734e+01 -1.269947990824659215e-02 2.998008149556427959e-06 9.999194768567656322e-01 1.686502330673201655e+00
0012983 013051 -1.103693327035175087e-01 -9.938905807068937337e-01 -9.997575975367102054e-04 1.007871841302874145e+02 9.938183885961991981e-01 -1.103734945609901319e-01 1.190811256530749894e-02 -2.160654145858575248e+01 -1.194562964973205910e-02 3.207078774874495548e-04 9.999287155485979683e-01 1.623457667679092609e+00
0012984 013052 -1.211415437525770050e-01 -9.926353908598152254e-01 5.964025245993966919e-04 1.002556292279930403e+02 9.925792692778170334e-01 -1.211285232261398587e-01 1.063756937374663383e-02 -2.053872008840198760e+01 -1.048690912936833114e-02 1.880625512973469393e-03 9.999433610225226809e-01 1.418710282209023177e+00
0012985 013053 -1.315763767717424149e-01 -9.913031672666258176e-01 2.573752064052679291e-03 9.977262384760001623e+01 9.912484682827793492e-01 -1.315405928238300992e-01 1.107822360791074767e-02 -1.950186418559519552e+01 -1.064324883853506355e-02 4.008857843172719364e-03 9.999354417176098409e-01 1.210594148629132505e+00
0012986 013054 -1.436940065742552397e-01 -9.896107126157357436e-01 4.857641334186159864e-03 9.925825703664213506e+01 9.895503972914926338e-01 -1.436231109737626521e-01 1.271205121686158103e-02 -1.829666478572198685e+01 -1.188223471904697320e-02 6.633526074674631762e-03 9.999075186813387583e-01 9.944602401839439665e-01
0012987 013055 -1.555912389868998325e-01 -9.878017396199159084e-01 6.302907111947044470e-03 9.878686697202238065e+01 9.877473819892876872e-01 -1.554987551580445659e-01 1.319670350060033262e-02 -1.711750048227440857e+01 -1.205555421284745798e-02 8.278974226157346031e-03 9.998931738974420336e-01 8.416288575479491385e-01
0012988 013056 -1.684186506568731978e-01 -9.856911210924480526e-01 7.004091412244708471e-03 9.826275319840101474e+01 9.856384409282623604e-01 -1.683128315813416376e-01 1.366837234771673716e-02 -1.585132710135007983e+01 -1.229383654220014832e-02 9.205512346230911025e-03 9.998821716286637740e-01 7.567089763255978596e-01
0012989 013057 -1.803204362638907987e-01 -9.835913736938375340e-01 5.794478959002364107e-03 9.776632222181387988e+01 9.835359502838892931e-01 -1.802332679250759906e-01 1.312742343880719635e-02 -1.467968421560772185e+01 -1.186758493759781062e-02 8.066221005465740862e-03 9.998971615190946904e-01 8.437143716750377109e-01
0012990 013058 -1.934446517066558402e-01 -9.811071004400656603e-01 3.004070455820819201e-03 9.721602578130477923e+01 9.810381591475024754e-01 -1.933923359665775665e-01 1.276135425230870424e-02 -1.338907327063498087e+01 -1.193921347647049040e-02 5.415721616038512813e-03 9.999141774383176751e-01 1.083799863096327698e+00
0012991 013059 -2.054718853921142507e-01 -9.786634291354106008e-01 -1.133195252187261262e-04 9.669209064213373495e+01 9.785813022344967971e-01 -2.054565052460302910e-01 1.286118635724304432e-02 -1.220679998810601319e+01 -1.260997628824080639e-02 2.531716534436770274e-03 9.999174045304530800e-01 1.363900807566857054e+00
0012992 013060 -2.190435688433286510e-01 -9.757138345826174008e-01 -1.859200338482226277e-03 9.612082496143193566e+01 9.756318481466577097e-01 -2.190495999530492621e-01 1.261561916207217665e-02 -1.087902455375933641e+01 -1.271641322863174481e-02 9.494700639616740663e-04 9.999188108892794746e-01 1.501509453343272682e+00
0012993 013061 -2.317104477247464156e-01 -9.727838619731496994e-01 -1.530990529617247062e-03 9.558841381129172987e+01 9.727137351006730492e-01 -2.317125313143819643e-01 1.166988656794786319e-02 -9.648911254422728234e+00 -1.170694807904956725e-02 1.214815538015328418e-03 9.999308519328797829e-01 1.435944896422697070e+00
0012994 013062 -2.452764985656859520e-01 -9.694534615195610217e-01 2.284460487102402289e-04 9.499754986004836610e+01 9.693932054288251221e-01 -2.452590771056733232e-01 1.112766935681448743e-02 -8.334576386525441194e+00 -1.073165169077017374e-02 2.950807487155596414e-03 9.999381788993236819e-01 1.246513907400991883e+00
0012995 013063 -2.582470127123828729e-01 -9.660779078870898040e-01 1.721228199742855063e-03 9.444100415295042694e+01 9.660314082242602574e-01 -2.582166293695038473e-01 1.034022269866927135e-02 -7.080436886273673736e+00 -9.544936371097685959e-03 4.333089123635365872e-03 9.999451765051908803e-01 1.083565038445200912e+00
0012996 013064 -2.729155881843437492e-01 -9.620347561312392326e-01 2.667809164319464438e-03 9.382343166639623178e+01 9.619959668311566237e-01 -2.728771894526185182e-01 1.005775024286912657e-02 -5.661834158310739440e+00 -8.947846700501214945e-03 5.311336602269027020e-03 9.999459801906736001e-01 9.737032563023397813e-01
0012997 013065 -2.865851895679352723e-01 -9.580528726687794761e-01 2.068424978251419237e-03 9.323343738132109593e+01 9.580065441424054917e-01 -2.865489749657385010e-01 1.059631597793901647e-02 -4.338534321821043704e+00 -9.559049967780130358e-03 5.018311058070826919e-03 9.999418375786068847e-01 1.013330958021869677e+00
0012998 013066 -3.021619380708069347e-01 -9.532560989762643988e-01 1.283868866080547198e-03 9.257711834484280189e+01 9.532102923652587823e-01 -3.021342168488385105e-01 1.020988150656649239e-02 -2.836368476264397032e+00 -9.344655489586736058e-03 4.308832993002894608e-03 9.999471730227214028e-01 1.062111998779892375e+00
0012999 013067 -3.172758645913375530e-01 -9.483329574167632670e-01 1.197513630780059788e-03 9.195372245234864295e+01 9.482962153303411412e-01 -3.172525437437638263e-01 9.190459166176620856e-03 -1.382923016436961916e+00 -8.335627219180349184e-03 4.051505993445068780e-03 9.999571692148465640e-01 1.048257227323730945e+00
0013000 013068 -3.345368968939578802e-01 -9.423816237077158320e-01 1.644750387657133986e-03 9.125587807028216503e+01 9.423508414272296907e-01 -3.345113205243992471e-01 8.741905555877227396e-03 2.768119975917215925e-01 -7.687950241043963254e-03 4.474419761732020655e-03 9.999605555847588256e-01 9.866102963013769767e-01
0013001 013069 -3.517766002474251863e-01 -9.360810225660872730e-01 2.485828779547419060e-03 9.058505098080775042e+01 9.360574254279675488e-01 -3.517460817959058295e-01 8.393892173632126058e-03 1.935142599001210328e+00 -6.982909478328906683e-03 5.279652475953945656e-03 9.999618003027163082e-01 8.924315079209588220e-01
0013002 013070 -3.719275190977537893e-01 -9.282561721040046843e-01 3.313206729303866827e-03 8.982021465882769462e+01 9.282398959133655314e-01 -3.718927315304171866e-01 8.108841662819983240e-03 3.874095827332439512e+00 -6.294852180394761715e-03 6.091352056814844894e-03 9.999617533587487062e-01 7.970907312101065401e-01
0013003 013071 -3.910666846170528510e-01 -9.203572072793267944e-01 3.171573643840836561e-03 8.907211444752329044e+01 9.203405717222475912e-01 -3.910322597682174828e-01 8.144953553551492753e-03 5.716497935301504185e+00 -6.256006766924723100e-03 6.104147599257060512e-03 9.999619191189709211e-01 7.910258478861980080e-01
0013004 013072 -4.121060893690877136e-01 -9.111333475061768050e-01 2.265235339595063433e-03 8.821414680262330421e+01 9.111076807963015556e-01 -4.120733129418672203e-01 8.815562382348422765e-03 7.744991291243877640e+00 -7.098636456980972342e-03 5.696819795333214753e-03 9.999586958484814048e-01 8.462853584744571833e-01
0013005 013073 -4.315695052343657134e-01 -9.020765601703446546e-01 2.403009990711339576e-03 8.737494769711793197e+01 9.020567887774776361e-01 -4.315388495786472989e-01 8.186337738236484224e-03 9.626680430633314245e+00 -6.347704131616874537e-03 5.700632679598899473e-03 9.999635530250146065e-01 8.600854275925495784e-01
0013006 013074 -4.520450858269470240e-01 -8.919954985764915190e-01 1.007620771462483284e-04 8.643925003364961412e+01 8.919478327777982107e-01 -4.520205883153610715e-01 1.030118994558541952e-02 1.160143624605416335e+01 -9.142994517258586432e-03 4.746474423215567284e-03 9.999470556886908001e-01 9.724552078191575077e-01
0013007 013075 -4.707092014002888791e-01 -8.822885570741744177e-01 -9.204586139968819582e-05 8.552610152059787652e+01 8.822425024562713380e-01 -4.706863504628209793e-01 1.009936976673093262e-02 1.341032383013816798e+01 -8.953875561876658076e-03 4.672665332214488015e-03 9.999489448128081603e-01 1.007583162701292778e+00
0013008 013076 -4.909697317556341867e-01 -8.711767342350016374e-01 -2.647828724264255089e-04 8.450109356895598012e+01 8.711337243959007548e-01 -4.909491418151682440e-01 9.720679384060213618e-03 1.536541242619477998e+01 -8.598417482124448563e-03 4.541903728539127376e-03 9.999526670088449976e-01 1.001848051243984017e+00
0013009 013077 -5.088301422518638484e-01 -8.608669405550783971e-01 3.118282147961574740e-04 8.353005159052059980e+01 8.608234330593451666e-01 -5.088014610695501538e-01 1.017391065673659521e-02 1.709044223224691450e+01 -8.599716657211476517e-03 5.445228220281979163e-03 9.999481447921880761e-01 9.240290932838846061e-01
0013010 013078 -5.276429026371237674e-01 -8.494659547178208259e-01 7.334446261890783256e-04 8.244664379484089523e+01 8.494157139091689235e-01 -5.276026850919995903e-01 1.130060295420971458e-02 1.890923637027663062e+01 -9.212501165534790412e-03 6.585690321212594664e-03 9.999358261388405777e-01 8.427592240060306494e-01
0013011 013079 -5.441217346838200797e-01 -8.390057387198995853e-01 1.011796689508847723e-03 8.142840641332134055e+01 8.389452261138612421e-01 -5.440679833518985431e-01 1.266789769792977388e-02 2.050408780733141612e+01 -1.007794413220113212e-02 7.741728752440181147e-03 9.999191960391080602e-01 7.702448887508595021e-01
0013012 013080 -5.608002570634095241e-01 -8.279500070616909735e-01 1.377300023199854069e-03 8.031780877071543046e+01 8.278849429744357113e-01 -5.607344844864938782e-01 1.352308408289819817e-02 2.211518505284948333e+01 -1.042412893532518314e-02 8.724004187241136271e-03 9.999075593333226486e-01 6.957274408664950727e-01
0013013 013081 -5.751825281762461550e-01 -8.180243313163183538e-01 1.151714911059726655e-03 7.928614606345715288e+01 8.179541856958320034e-01 -5.751144120026582263e-01 1.392689672597925352e-02 2.350196766310091334e+01 -1.073016358823735902e-02 8.952566874262112701e-03 9.999023017638518640e-01 6.821989696678016912e-01
0013015 013082 -5.895962266682684971e-01 -8.076965902477505344e-01 1.594757051517926459e-03 7.817440170668638189e+01 8.076148655760063688e-01 -5.895068471608392313e-01 1.547613215499562579e-02 2.488984853695183119e+01 -1.155988941409348027e-02 1.041262895376135825e-02 9.998789146968404262e-01 5.825480583781121879e-01
0013016 013083 -6.013794727933811091e-01 -7.989597797012342184e-01 2.436242577070924387e-03 7.717293568106708790e+01 7.988742151630452426e-01 -6.012648888595343299e-01 1.673516122684358745e-02 2.602078381197316048e+01 -1.190588364366103151e-02 1.201044566913289820e-02 9.998569383022054557e-01 4.616701737410906503e-01
0013017 013084 -6.125187032761680861e-01 -7.904477601513992813e-01 3.624128642302989773e-03 7.612098040165165003e+01 7.903577261764478390e-01 -6.123648139732073004e-01 1.853655628897865615e-02 2.708633912856794268e+01 -1.243288038251195299e-02 1.421835888801517046e-02 9.998215639520761089e-01 3.007420951062300674e-01
0013018 013085 -6.213468687755140385e-01 -7.835228308513856321e-01 4.467946575698940326e-03 7.518474520180822651e+01 7.834408470861059515e-01 -6.211741269831536627e-01 1.904576564230296004e-02 2.792314011178041255e+01 -1.214740944484136130e-02 1.533441307090171318e-02 9.998085787963402193e-01 2.030717455155652829e-01
0013019 013086 -6.291314651501396238e-01 -7.772882309422529667e-01 4.068764672610128072e-03 7.421874003223736338e+01 7.771920209481889552e-01 -6.289506776324239601e-01 1.983084019538875267e-02 2.865726754885099581e+01 -1.285521599697437949e-02 1.563843136628954161e-02 9.997950194428056880e-01 1.932003971656612862e-01
0013020 013087 -6.354530629542637366e-01 -7.721309536919549465e-01 3.607670033958051969e-03 7.335207652655242327e+01 7.720193648295623490e-01 -6.352660667513023718e-01 2.055900939545922054e-02 2.924975106064221109e+01 -1.358240640149986113e-02 1.584949165680897901e-02 9.997820811651366713e-01 1.900497269195611239e-01
0013021 013088 -6.419722647800703008e-01 -7.667224821737359530e-01 2.883074620408356860e-03 7.241891598311890732e+01 7.666103703898083932e-01 -6.418045414963234885e-01 1.988183865787059024e-02 2.985338461869105231e+01 -1.339347152961479354e-02 1.497379721710500114e-02 9.997981287969996966e-01 2.431647101690757040e-01
0013022 013089 -6.473518332579494272e-01 -7.621877816484926571e-01 2.316922415396710858e-03 7.157591768696428858e+01 7.620746127526363267e-01 -6.471975826636872098e-01 1.942481242811999742e-02 3.034700234311503664e+01 -1.330583742160214647e-02 1.434036884364935614e-02 9.998085849326694419e-01 2.814723174231446023e-01
0013023 013090 -6.526881638550066089e-01 -7.576262356775133044e-01 8.773728724620988382e-04 7.068544468526462765e+01 7.574737083261235959e-01 -6.525338519299309636e-01 2.080882246812074121e-02 3.083153336630448393e+01 -1.519271312936515753e-02 1.424626493982038104e-02 9.997832074822179393e-01 2.952337449582032036e-01
0013024 013091 -6.572444817589754296e-01 -7.536770408974768909e-01 8.737159732057654931e-04 6.986661959826007262e+01 7.535195026330480106e-01 -6.570837242105698195e-01 2.119542967976544359e-02 3.124310338001760101e+01 -1.540032268298884011e-02 1.458894730030944019e-02 9.997750893179155884e-01 2.711031019097163153e-01
0013025 013092 -6.615779695053158882e-01 -7.498759100814657019e-01 9.050114534195049035e-04 6.900025427685243073e+01 7.497189367052300435e-01 -6.614150368236471067e-01 2.124967465321005514e-02 3.162838773293378836e+01 -1.533594957545525439e-02 1.473682712589935960e-02 9.997739100019399361e-01 2.541538926137008048e-01
0013026 013093 -6.650235125309820194e-01 -7.468217219925522565e-01 1.066220214149425508e-03 6.822045266632865435e+01 7.466733015265105688e-01 -6.648627326926119796e-01 2.089047408468574715e-02 3.192990248153228094e+01 -1.489248884740590473e-02 1.468878090141119246e-02 9.997813211428021596e-01 2.426375593863312474e-01
0013027 013094 -6.683341455108804396e-01 -7.438603381986750307e-01 1.144988074540070292e-03 6.739029331918440846e+01 7.437079599563500842e-01 -6.681656954800808679e-01 2.128202436032689687e-02 3.221678019294859041e+01 -1.506573110258954337e-02 1.507504702111529815e-02 9.997729758699892555e-01 2.108636404337573822e-01
0013028 013095 -6.713740838067233652e-01 -7.411174016713436563e-01 1.377621926663095313e-03 6.662135361884254792e+01 7.409685995074537512e-01 -6.712008628837905500e-01 2.132649579823715780e-02 3.247670965286533828e+01 -1.488069528755816759e-02 1.533883801970245715e-02 9.997717347342617300e-01 1.821881116676991041e-01
0013029 013096 -6.744525004435580895e-01 -7.383122587554664662e-01 2.946995486055459766e-03 6.578560416632545582e+01 7.381962852539666331e-01 -6.742644079539470425e-01 2.082010167896991559e-02 3.273902887086842384e+01 -1.338467140602747456e-02 1.621764561584906547e-02 9.997788438224944896e-01 1.081415400574243790e-01
0013030 013097 -6.767424227872367304e-01 -7.362186437021619456e-01 1.413168990782925341e-03 6.504745853163979064e+01 7.360601018437602505e-01 -6.765555069200408500e-01 2.209561016963111288e-02 3.292775440382456509e+01 -1.531103123729889853e-02 1.599322097713493790e-02 9.997549828862035692e-01 1.358289204783957871e-01
0013031 013098 -6.788782965455435470e-01 -7.342504144330882498e-01 6.838009489393197336e-04 6.425091421322650831e+01 7.340806965285178176e-01 -6.787020213746647324e-01 2.210964157371783645e-02 3.310166024859199752e+01 -1.576983509583645277e-02 1.551172826382994814e-02 9.997554375958050965e-01 1.709007917104656826e-01
0013032 013099 -6.803897916334994411e-01 -7.328500808356358531e-01 7.478864193837527841e-04 6.353415151069194167e+01 7.326717323352709421e-01 -6.802022433927006340e-01 2.273710542072758523e-02 3.322067550343308540e+01 -1.615409332915808752e-02 1.601805694374197273e-02 9.997413183129706393e-01 1.378270180680871704e-01
0013033 013100 -6.815627936785721985e-01 -7.317595534042047323e-01 2.818060883931146105e-04 6.277448631786755584e+01 7.315692348715695514e-01 -6.813778999577068118e-01 2.303148738091213149e-02 3.330804957111831754e+01 -1.666141209648063296e-02 1.590357295022394590e-02 9.997348198457299828e-01 1.482518789843538798e-01
0013034 013101 -6.825532156080799107e-01 -7.308357529359360560e-01 -6.808184163497096181e-04 6.207193541237741385e+01 7.306324801728966145e-01 -6.823859716986429014e-01 2.292803854622021964e-02 3.338025890645485561e+01 -1.722112736973926625e-02 1.515218471385476086e-02 9.997370056050284282e-01 2.040895770007296051e-01
0013035 013102 -6.833973774021712133e-01 -7.300465836945547737e-01 -1.034883346797192097e-04 6.132170588872936179e+01 7.298599072607665494e-01 -6.832270579597600202e-01 2.247631656136740361e-02 3.343491923366673291e+01 -1.647938178570413498e-02 1.528473061778456467e-02 9.997474897805593841e-01 1.774833652397163064e-01
0013036 013103 -6.840432876572956067e-01 -7.294413872619684991e-01 2.270974878385484180e-04 6.063224429240447222e+01 7.292544649251616606e-01 -6.838621402534165172e-01 2.281208970411156139e-02 3.347558606491384126e+01 -1.648469661006242773e-02 1.577007588938534807e-02 9.997398640789131319e-01 1.397868766639476235e-01
0013037 013104 -6.847865986680742312e-01 -7.287432007446204008e-01 8.328096947475463864e-04 5.988104023580632429e+01 7.285642402062475487e-01 -6.845934717114238177e-01 2.293134408296081117e-02 3.352153956542724700e+01 -1.614084290984958009e-02 1.630984006485874938e-02 9.997368147293818064e-01 9.071243816914886793e-02
0013038 013105 -6.853266137804270297e-01 -7.282325928440712692e-01 2.153023394013592589e-03 5.919271162815565646e+01 7.280740624248435156e-01 -6.851105058971433959e-01 2.305553557787491659e-02 3.355007927960650704e+01 -1.531465269412024370e-02 1.736814151050435420e-02 9.997319868868673742e-01 1.680372592069545590e-03
0013039 013106 -6.857934534455754072e-01 -7.277917946010303840e-01 2.544841077924670566e-03 5.844564056786613548e+01 7.276434093495477429e-01 -6.855749945606652851e-01 2.284561845337241409e-02 3.357251640153026528e+01 -1.488209343791224715e-02 1.751912099467037645e-02 9.997358852915936289e-01 -1.885020910383872206e-02
0013040 013107 -6.861658915983207541e-01 -7.274425698278084162e-01 1.939752677185878002e-03 5.775446645731762629e+01 7.272943464419762138e-01 -6.859682734071397281e-01 2.214593426616710478e-02 3.358786189141619616e+01 -1.477920566499778092e-02 1.660656353988045064e-02 9.997529863895314728e-01 3.466923832753820989e-02
0013041 013108 -6.865861709268132884e-01 -7.270474027374133064e-01 1.234123519654615943e-03 5.700170468390960821e+01 7.268912580935320555e-01 -6.864027651130734098e-01 2.191481394842508326e-02 3.360714230527173640e+01 -1.508592174762128126e-02 1.594348913300418571e-02 9.997591993612133798e-01 7.564531209885672070e-02
0013042 013109 -6.869381818927916550e-01 -7.267156606288751597e-01 6.285066758895790353e-04 5.630570255839431582e+01 7.265353290712653900e-01 -6.867492111091061391e-01 2.284617574463439563e-02 3.362399567316697357e+01 -1.617096483225400477e-02 1.615054997703888051e-02 9.997389139537069536e-01 7.122495097949155252e-02
0013043 013110 -6.873288528518441964e-01 -7.263462579124172480e-01 5.140391436788901720e-04 5.555003196553294487e+01 7.261622840872203888e-01 -6.871397602826115891e-01 2.296280650186835123e-02 3.364020294333022321e+01 -1.632564930230590711e-02 1.615628256263412429e-02 9.997363072937336392e-01 6.556041819844438123e-02
0013044 013111 -6.877277896085524089e-01 -7.259666528906081329e-01 1.721581462817432621e-03 5.485035067103039808e+01 7.258024735471567679e-01 -6.875189987043236473e-01 2.298600279712170041e-02 3.365577896868535390e+01 -1.550337000438175260e-02 1.705764907529502827e-02 9.997344240706694807e-01 -6.564560536212127317e-03
0013045 013112 -6.878277610160755673e-01 -7.258708791102722602e-01 2.081634562051464139e-03 5.410254350546610169e+01 7.257189266128811767e-01 -6.876202444646246636e-01 2.258843970886832003e-02 3.364804045218988904e+01 -1.496483604387795902e-02 1.704764619410907914e-02 9.997428009365633139e-01 -1.644006794602148602e-02
0013046 013113 -6.880329634438632214e-01 -7.256772408172907918e-01 1.805270838573375114e-03 5.340348571671720634e+01 7.255201351107489760e-01 -6.878289786474317546e-01 2.262321272483779067e-02 3.365061522049018095e+01 -1.517535172112628727e-02 1.687528432387170804e-02 9.997425519016688300e-01 -8.084187270512188661e-03
0013047 013114 -6.882199293370244719e-01 -7.254992918348472930e-01 2.026720917347760772e-03 5.264728450252311376e+01 7.253538978525154723e-01 -6.880215473970280327e-01 2.209026321802809445e-02 3.364887366843595373e+01 -1.463196215749925505e-02 1.667305730558686291e-02 9.997540455088724798e-01 -8.843499769049856241e-03
0013048 013115 -6.883615515564518450e-01 -7.253662613556960403e-01 1.517771582151704671e-03 5.194700475524951599e+01 7.252044829928171454e-01 -6.881619485181782458e-01 2.261943670563893241e-02 3.364753757930793654e+01 -1.536282191334586121e-02 1.667105281347655218e-02 9.997431151518548775e-01 -6.137845074569270309e-03
0013049 013116 -6.886039935635945852e-01 -7.251363383559804587e-01 1.406152777094276220e-03 5.118386841051599845e+01 7.249786158435600480e-01 -6.884123474051689895e-01 2.223735932622753972e-02 3.364977489455395698e+01 -1.515702293241920524e-02 1.633217236500145164e-02 9.997518499235015232e-01 3.810635111136662090e-03
0013050 013117 -6.888608734904495545e-01 -7.248913114666705182e-01 1.868753923089774881e-03 5.047695615450354012e+01 7.247448963743093886e-01 -6.886662909693124224e-01 2.199300005250721946e-02 3.365321342225342960e+01 -1.465550572788523916e-02 1.650449420496966774e-02 9.997564976281900773e-01 -1.726890378011347593e-02
0013051 013118 -6.891659488722277072e-01 -7.246005424591647204e-01 2.131726693634291084e-03 4.970723050312395941e+01 7.244657858419789598e-01 -6.889758177426741348e-01 2.148844248954755870e-02 3.365895269863858630e+01 -1.410174850573947015e-02 1.635347290992368585e-02 9.997669435537349658e-01 -1.872170680748297400e-02
0013052 013119 -6.894259225934984414e-01 -7.243525682972792312e-01 2.290531509265659321e-03 4.899610636653743256e+01 7.242264590641506183e-01 -6.892405625643734934e-01 2.105674911066589966e-02 3.366226869859610815e+01 -1.367370351736814718e-02 1.617593985599814765e-02 9.997757776723361633e-01 -1.726555207679325576e-02
0013053 013120 -6.896776613073208884e-01 -7.241134642269837496e-01 2.091034691665273962e-03 4.822587957486834398e+01 7.239870135444682608e-01 -6.894982625322775283e-01 2.085235549744397787e-02 3.366410306179113832e+01 -1.365762709834932205e-02 1.589529328418966270e-02 9.997804987504274044e-01 -8.499452671109963831e-03
0013054 013121 -6.898291447588706937e-01 -7.239702468836528571e-01 1.673816900881997969e-03 4.751662760276677488e+01 7.238380230216268085e-01 -6.896563261613573026e-01 2.079784790832715086e-02 3.366081595422156170e+01 -1.390258489798366394e-02 1.555854116179855758e-02 9.997824196780777939e-01 7.535171432238030320e-03
0013055 013122 -6.898281707884132974e-01 -7.239697526433115371e-01 2.256430580725592421e-03 4.675702957937333792e+01 7.238404426997022689e-01 -6.896399613995685129e-01 2.125676045517158053e-02 3.364602497557507377e+01 -1.383304676103449399e-02 1.629681480451294559e-02 9.997716226710173792e-01 -4.024264162710267101e-02
0013056 013123 -6.897344819685162776e-01 -7.240578283460641362e-01 2.589933063786308259e-03 4.605989275045330089e+01 7.239254908927367227e-01 -6.895314446538658437e-01 2.186974045311904438e-02 3.362650791847681830e+01 -1.404903630439591211e-02 1.695924048319611896e-02 9.997575933893591005e-01 -8.191978740340033482e-02
0013057 013124 -6.894393806594495411e-01 -7.243387746963575458e-01 2.598292168642581546e-03 4.531257287865243200e+01 7.241893122145268702e-01 -6.892156677393326270e-01 2.305615427878046977e-02 3.359386546316318345e+01 -1.490960186823872026e-02 1.777748474185198921e-02 9.997309145302069044e-01 -1.279531377512554968e-01
0013058 013125 -6.892248653686529059e-01 -7.245440220168120060e-01 2.283493700947733171e-03 4.461867428489081533e+01 7.243895065251531040e-01 -6.890065900677260213e-01 2.301828312115966613e-02 3.356577664346605161e+01 -1.510433567932960297e-02 1.751891998724321511e-02 9.997325558072971408e-01 -1.167452992327255856e-01
0013059 013126 -6.888153728690420419e-01 -7.249361852859336208e-01 1.025029421473468106e-03 4.387333654305855646e+01 7.247605478886337549e-01 -6.886172333396463063e-01 2.298921137417572758e-02 3.352536013367625856e+01 -1.595977596453294206e-02 1.657823056335740175e-02 9.997353071268322289e-01 -6.769922655731619443e-02
0013060 013127 -6.884617522013899427e-01 -7.252727335111620599e-01 -7.103154640730814412e-05 4.318272668672747727e+01 7.250753674389184278e-01 -6.882779292001218741e-01 2.322148854818971431e-02 3.349044134994710475e+01 -1.689071870341115125e-02 1.593561053598794436e-02 9.997304618068261206e-01 -3.253973536304499703e-02
0013061 013128 -6.880643634285490418e-01 -7.256494697962563301e-01 -5.456591181771248663e-04 4.243851092463054897e+01 7.254313944800795388e-01 -6.878768598251321365e-01 2.397167657403824481e-02 3.345206962435213427e+01 -1.777029695233601700e-02 1.609822550172456540e-02 9.997126086115752930e-01 -4.552819447144429432e-02
0013062 013129 -6.876959934036263045e-01 -7.259987590777945421e-01 -3.795190728362571905e-04 4.175260888147285243e+01 7.257737550105818336e-01 -6.874969200823735083e-01 2.450440444268982623e-02 3.341610003261803286e+01 -1.805100096928894879e-02 1.657614338324624875e-02 9.996997694151982250e-01 -7.692299330611973573e-02
0013063 013130 -6.874370355844769964e-01 -7.262437957673578692e-01 5.976537037337243622e-04 4.100356075872078065e+01 7.260315327664030871e-01 -6.872170233302312692e-01 2.471768377178659715e-02 3.338364280135692752e+01 -1.754026292308882157e-02 1.742577501090835160e-02 9.996944121875257494e-01 -1.286938858671788921e-01
