0013815 013998 -9.999444001560038320e-01 -1.037395730209457641e-02 -1.879255487472624147e-03 5.161515686410803028e+01 1.034735617333511562e-02 -9.998535375150676696e-01 1.365007923393938769e-02 1.465269609112208826e+01 -2.020570831698101626e-03 1.362987584663103401e-02 9.999052208301555389e-01 -4.315832661209717536e-01
0013816 013999 -9.999330582300482995e-01 -1.148169712790983107e-02 -1.351021107297159215e-03 5.029048009470034231e+01 1.146445344199873220e-02 -9.998604993473291236e-01 1.214397221503682976e-02 1.457173610087618520e+01 -1.490314121132127511e-03 1.212767017402598992e-02 9.999255545462194528e-01 -4.477006031478052428e-01
0013817 014000 -9.999251390283863117e-01 -1.216878935574017967e-02 -1.378805218195466560e-03 4.906649884881744583e+01 1.215304793040451400e-02 -9.998669430648239320e-01 1.090027882372368410e-02 1.451108574463009049e+01 -1.511311921255603912e-03 1.088270504723030073e-02 9.999398475786238638e-01 -4.348767207543488000e-01
0013818 014001 -9.999198166456571002e-01 -1.255137726705013446e-02 -1.615113595129920657e-03 4.773580143831850364e+01 1.253419793682501553e-02 -9.998689880541085095e-01 1.023905953088461232e-02 1.446408068896928434e+01 -1.743464147218876537e-03 1.021799390747019434e-02 9.999464830796332970e-01 -4.254919997413896260e-01
0013819 014002 -9.999129227257487207e-01 -1.293456286800924102e-02 -2.637219246095549429e-03 4.650832234169320145e+01 1.291125114961539158e-02 -9.998791709120097293e-01 8.672165581723678685e-03 1.441968999582632627e+01 -2.749118191456253676e-03 8.637360075616660679e-03 9.999591264525018453e-01 -3.686706867439291102e-01
0013820 014003 -9.999030195010691902e-01 -1.323131676693422437e-02 -4.385971159708464129e-03 4.517610517698039985e+01 1.319481008428669520e-02 -9.998791617934648102e-01 8.250105607241804348e-03 1.437868388829845401e+01 -4.494646674056513441e-03 8.191433157435052542e-03 9.999565565430470482e-01 -2.942494381590030628e-01
0013821 014004 -9.998930686090385933e-01 -1.303936629363869164e-02 -6.635373095785748222e-03 4.393877544634779042e+01 1.298823274733737834e-02 -9.998862436931149622e-01 7.691563977041863433e-03 1.436208122911951435e+01 -6.734956826279885934e-03 7.604559496712810958e-03 9.999486124927091657e-01 -1.976491527134207615e-01
0013822 014005 -9.998786688061790384e-01 -1.260895843404292831e-02 -9.149401139443265676e-03 4.259489780331432485e+01 1.254293507363926467e-02 -9.998952402567434783e-01 7.237818315028406169e-03 1.435329688829710548e+01 -9.239749332667173548e-03 7.122179317657769196e-03 9.999321568987938891e-01 -9.558767864705330908e-02
0013823 014006 -9.998690962111302927e-01 -1.233244510936004450e-02 -1.047150625273284702e-02 4.135637345241275398e+01 1.225331948571771121e-02 -9.998961938960686524e-01 7.586958630844624352e-03 1.434056995085907182e+01 -1.056403053824623434e-02 7.457653944447664891e-03 9.999165973053347756e-01 -5.287019690114647119e-02
0013824 014007 -9.998476907396945945e-01 -1.209758569704428438e-02 -1.259262952489263385e-02 4.011948255261040686e+01 1.199417006153935018e-02 -9.998942284325013086e-01 8.255646935545450302e-03 1.432716093767808019e+01 -1.269121348906532276e-02 8.103351627047821609e-03 9.998868365697914928e-01 1.447276388741869368e-02
0013825 014008 -9.998522185527591866e-01 -1.164362975548326011e-02 -1.265465908574746334e-02 3.877925646849234909e+01 1.153870877886697607e-02 -9.998982543655329236e-01 8.333118579509055796e-03 1.432006155169836248e+01 -1.275047953171628418e-02 8.185870576503979576e-03 9.998848184597360911e-01 -6.107214623355616823e-03
0013826 014009 -9.998717539772389307e-01 -1.115165014629267842e-02 -1.148624294269651354e-02 3.744062214767609476e+01 1.104839428862262538e-02 -9.998977034630063265e-01 9.014499089459322365e-03 1.431199534566336951e+01 -1.158567602477146401e-02 8.886439298309942170e-03 9.998930125063152374e-01 -7.171155381443128363e-02
0013827 014010 -9.998901627565108807e-01 -1.073907877769835276e-02 -1.022066481273757946e-02 3.620483035609959188e+01 1.063992290622408667e-02 -9.998958017041944535e-01 9.707369480508118084e-03 1.430208006782848251e+01 -1.032392640003610904e-02 9.597557676285870670e-03 9.999002632430831206e-01 -1.280650977680792835e-01
0013828 014011 -9.998997206313350317e-01 -1.024704030872387525e-02 -9.778765139452617883e-03 3.486437339116628209e+01 1.014525235538010078e-02 -9.998939232165273694e-01 1.040294925827184649e-02 1.429209604902529307e+01 -9.884405538227284543e-03 1.030269934131174819e-02 9.998976876871475961e-01 -1.640591292217905561e-01
0013830 014012 -9.998911159867736043e-01 -9.985440297080814750e-03 -1.086283894155336965e-02 3.362677031319935850e+01 9.861041948849551958e-03 -9.998853088750573326e-01 1.144600457549213926e-02 1.427745664986596630e+01 -1.097596660897675637e-02 1.133764039989354142e-02 9.998751017731987156e-01 -1.500474170855810030e-01
0013831 014013 -9.998939107479428712e-01 -9.542210087343743971e-03 -1.100778108027588784e-02 3.228539560654644447e+01 9.404064868495634957e-03 -9.998767123123859513e-01 1.253433096565575132e-02 1.426547407749649388e+01 -1.112610875586521157e-02 1.242948432853097258e-02 9.998604656372963584e-01 -1.766461163617663033e-01
0013832 014014 -9.999103014511058207e-01 -9.031481191305543513e-03 -9.888914601608607066e-03 3.104734910169236173e+01 8.895636511678833153e-03 -9.998660795060503315e-01 1.369626600587482874e-02 1.425675664985787172e+01 -1.001136701182684871e-02 1.360707017117023659e-02 9.998569163148933736e-01 -2.411407586421390192e-01
0013833 014015 -9.999155448866221541e-01 -8.567167472688331717e-03 -9.780847558168966407e-03 2.970534676901297644e+01 8.423280761271041001e-03 -9.998566140707483285e-01 1.465897614634392547e-02 1.424463234694442271e+01 -9.905108745547931692e-03 1.457535198115189091e-02 9.998443283263148684e-01 -2.673727479549512509e-01
0013834 014016 -9.999129809213949116e-01 -8.085422037347708354e-03 -1.042677110535331422e-02 2.846511068228392105e+01 7.920326143148430711e-03 -9.998442416209875061e-01 1.577894604424412775e-02 1.423220808176933971e+01 -1.055277148272021695e-02 1.569498809633933928e-02 9.998213456716817937e-01 -2.620533073495252552e-01
0013835 014017 -9.999150650193519008e-01 -7.546272974444091959e-03 -1.062611004304601231e-02 2.712080386173738589e+01 7.369685803231401482e-03 -9.998357839320425322e-01 1.656030883967126582e-02 1.421954614503250269e+01 -1.074937914678891077e-02 1.648058975519429634e-02 9.998066102534652888e-01 -2.754290577147671115e-01
0013836 014018 -9.999178878396371983e-01 -7.023454507169501863e-03 -1.072583390247849704e-02 2.587992371729978913e+01 6.841979245918335811e-03 -9.998345487042392676e-01 1.686329120647138413e-02 1.420746855474961734e+01 -1.084254200094048048e-02 1.678851885144666892e-02 9.998004810250958885e-01 -2.840306711464677392e-01
0013837 014019 -9.999238533771949156e-01 -6.505766658670788551e-03 -1.049358697490851249e-02 2.453666430399061937e+01 6.320233488815525137e-03 -9.998249721256600164e-01 1.761777153138865265e-02 1.419259281275177820e+01 -1.060641163518377846e-02 1.755010621394448300e-02 9.997899352963867114e-01 -3.145236941167510736e-01
0013838 014020 -9.999264996320345045e-01 -5.964734104868944439e-03 -1.057308996792935725e-02 2.329488012945694209e+01 5.770070682760431065e-03 -9.998152942481185468e-01 1.834692815771218552e-02 1.418028275878832645e+01 -1.068061387409455394e-02 1.828456964371567503e-02 9.997759828958581174e-01 -3.329018233710954178e-01
0013839 014021 -9.999277090860737571e-01 -5.386455743338708357e-03 -1.076001302213190625e-02 2.194954602534016885e+01 5.180659893348564179e-03 -9.998050463994432313e-01 1.906301004897942991e-02 1.416555122745148232e+01 -1.086064093246566324e-02 1.900588572949913485e-02 9.997605912093153746e-01 -3.536125191482213381e-01
0013840 014022 -9.999222492638365489e-01 -4.875549151707771200e-03 -1.145768902487045472e-02 2.071038827459778986e+01 4.639553953823823997e-03 -9.997784318400252390e-01 2.053413571060358836e-02 1.414788713637184614e+01 -1.155525015873507151e-02 2.047938376360987009e-02 9.997236505671616147e-01 -3.442366828716743044e-01
0013841 014023 -9.999399307849796692e-01 -4.188669238354227747e-03 -1.011802723405476161e-02 1.935782121637612363e+01 3.986875505119535576e-03 -9.997943467130098183e-01 1.988232852880009865e-02 1.413615300905915717e+01 -1.019927451406023138e-02 1.984079391339981305e-02 9.997513363160895894e-01 -3.962375878929265127e-01
0013842 014024 -9.999379041478598795e-01 -3.502939932648168383e-03 -1.057976602177589272e-02 1.811481165426357620e+01 3.277805299884796204e-03 -9.997696764771638600e-01 2.122260268880475295e-02 1.411993181403858877e+01 -1.065165120663895057e-02 2.118660779205737768e-02 9.997189488096499543e-01 -3.933129772733678919e-01
0013843 014025 -9.999487344024154956e-01 -2.608202881609159376e-03 -9.771204337122654793e-03 1.675800999569128180e+01 2.411115526600891932e-03 -9.997944591082142951e-01 2.012783933495964489e-02 1.410978755722451261e+01 -9.821741406161450111e-03 2.010324714203798671e-02 9.997498735059335839e-01 -4.299232347223096440e-01
0013844 014026 -9.999509858373011317e-01 -1.906051606107800637e-03 -9.716079819827314404e-03 1.551047361328755869e+01 1.709889161237264886e-03 -9.997954300188325316e-01 2.015780013487190880e-02 1.409481937472305013e+01 -9.752559711492109207e-03 2.014019693090533109e-02 9.997498071196436742e-01 -4.460498408561655026e-01
0013845 014027 -9.999559091611792683e-01 -1.121234840939473688e-03 -9.332718351776210855e-03 1.415772509559565151e+01 9.356129820241826205e-04 -9.998023017109363142e-01 1.986988443137265373e-02 1.407799423968672059e+01 -9.353196461566508357e-03 1.986027419698497415e-02 9.997592230256024948e-01 -4.566184632849683567e-01
0013846 014028 -9.999614178645349627e-01 -3.076382845810970751e-04 -8.782993912009453424e-03 1.290760036874053185e+01 1.319244827494924323e-04 -9.998000928922277097e-01 1.999956977118922882e-02 1.406244591010358747e+01 -8.787436171459732728e-03 1.999763747701185576e-02 9.997616176778971742e-01 -4.731865218324458056e-01
0013847 014029 -9.999668982348607349e-01 4.804115966415064697e-04 -8.113633416073681021e-03 1.155482778025225343e+01 -6.427029116457384870e-04 -9.997995515707659431e-01 2.001139969371084140e-02 1.404303731880571959e+01 -8.102440635509852024e-03 2.001595082850729512e-02 9.997670372507763137e-01 -4.972201262980178171e-01
0013848 014030 -9.999716241029372732e-01 1.038771297423049696e-03 -7.473428642383133508e-03 1.030737719654462126e+01 -1.188447726498584409e-03 -9.997984152905513566e-01 2.005117272211116505e-02 1.402261702271653121e+01 -7.451138487189418527e-03 2.005948309969655258e-02 9.997712309824480226e-01 -5.123338856753711923e-01
0013849 014031 -9.999816046419571780e-01 1.328543238438490695e-03 -5.926028825261097158e-03 8.961737766067017219e+00 -1.445900359461815094e-03 -9.998021784360847652e-01 1.984335340693558353e-02 1.399655072677597900e+01 -5.898539843426680446e-03 1.985155479955089813e-02 9.997857467800772557e-01 -5.401035685852271229e-01
0013850 014032 -9.999871633612270605e-01 1.455043251056991650e-03 -4.845743445210598868e-03 7.719997687498107553e+00 -1.551595705760019017e-03 -9.997991913592578772e-01 1.998118003393514058e-02 1.397137416497377060e+01 -4.815744325267908368e-03 1.998844096093691999e-02 9.997888212821899323e-01 -5.576720126380418918e-01
0013851 014033 -9.999867470676598868e-01 1.560273900307036646e-03 -4.929132780499403954e-03 6.373710080974433367e+00 -1.657864979176380815e-03 -9.998016456370770744e-01 1.985695597850184110e-02 1.394358509921566380e+01 -4.897218290165833258e-03 1.986486197658227093e-02 9.997908885934095879e-01 -5.717567471624462883e-01
0013852 014034 -9.999820896996625130e-01 1.677743601985495292e-03 -5.759382204389111928e-03 5.129299850264487759e+00 -1.791490122920873533e-03 -9.998024835762743256e-01 1.980157150994272738e-02 1.391752418069718900e+01 -5.725068301847309124e-03 1.981153237590796076e-02 9.997875490542176280e-01 -5.759753093878554608e-01
0013853 014035 -9.999808225529395189e-01 1.619042199994812602e-03 -6.002108563730531796e-03 3.785024655508550495e+00 -1.733819129002559878e-03 -9.998144084833364698e-01 1.916667752684127549e-02 1.388972071393951069e+01 -5.970036191000263094e-03 1.917671581476809370e-02 9.997979018885623237e-01 -5.999031606696014762e-01
0013854 014036 -9.999811081820492165e-01 1.195998377856936261e-03 -6.042943712914306854e-03 2.550332737743246980e+00 -1.312551964548623823e-03 -9.998120332047586434e-01 1.932011355167630867e-02 1.386201594279747695e+01 -6.018775139659002758e-03 1.932768001120923826e-02 9.997947026721545338e-01 -6.149886076264152734e-01
0013855 014037 -9.999822346429919628e-01 5.085177425405391438e-04 -5.952181237015381245e-03 1.216280674123936478e+00 -6.292240068318681384e-04 -9.997933856146653531e-01 2.029467454236106444e-02 1.383346406350774771e+01 -5.940705320220288771e-03 2.029805888918497989e-02 9.997759394840832758e-01 -6.404575707484561065e-01
0013974 014160 -9.999007324571601574e-01 9.217706006570838481e-03 -1.065112417691752023e-02 1.162220465319255709e+02 -9.386566911786674641e-03 -9.998293231083792421e-01 1.591406986786622971e-02 1.101389666756621466e+01 -1.050266147868805268e-02 1.601246634895926030e-02 9.998168391645194664e-01 7.369112125789740730e-01
0013975 014161 -9.999033695967640689e-01 8.865704007219055507e-03 -1.070001720658345958e-02 1.152150208768198354e+02 -9.032613904567636173e-03 -9.998366838742193119e-01 1.565280715869858674e-02 1.095125426004069169e+01 -1.055954334338276776e-02 1.574794254904194474e-02 9.998204414792908334e-01 7.331435507803689688e-01
0013976 014162 -9.999080697179384414e-01 8.536306932548984663e-03 -1.052942954011577489e-02 1.142876395145435708e+02 -8.704485615510145977e-03 -9.998336223592182437e-01 1.603116086986676805e-02 1.089401927067523701e+01 -1.039087723055433406e-02 1.612133913773779528e-02 9.998162575881426317e-01 7.010097165488744508e-01
0013977 014163 -9.999203780250407458e-01 8.288869536351037293e-03 -9.528800260672940295e-03 1.132856191915252566e+02 -8.438805145754549666e-03 -9.998391046143386696e-01 1.580332039851105666e-02 1.084492756701097704e+01 -9.396351888781019970e-03 1.588247409753967485e-02 9.998293296775325745e-01 5.750461794697372397e-01
0013978 014164 -9.999235332748486194e-01 8.130025728841049071e-03 -9.338694060306927669e-03 1.123606771034706071e+02 -8.278184449689288474e-03 -9.998383858278785397e-01 1.593682688838600134e-02 1.080732778412876627e+01 -9.207693386795135285e-03 1.601291577290411133e-02 9.998290042812488787e-01 5.473053010474870916e-01
0013979 014165 -9.999232960815715998e-01 7.955589052184845744e-03 -9.500693428439038746e-03 1.113602573900898278e+02 -8.105326580227828828e-03 -9.998414332307569152e-01 1.582695179106720362e-02 1.076716085380943611e+01 -9.373351470179034847e-03 1.590274448045700395e-02 9.998292233517641625e-01 5.544735050227558304e-01
0013981 014166 -9.999173079983507684e-01 7.843779039123610977e-03 -1.018382926495659847e-02 1.104372683250517184e+02 -8.006760901846765588e-03 -9.998383238940571349e-01 1.606249694442999157e-02 1.073714255239499948e+01 -1.005627231219959408e-02 1.614270900618323956e-02 9.998187421935230690e-01 6.188201431675466324e-01
0013982 014167 -9.999131566077139599e-01 7.734141235202694059e-03 -1.068889996961808891e-02 1.094405859467624396e+02 -7.905993192692743754e-03 -9.998383145140636863e-01 1.612942076030606312e-02 1.070571169674473566e+01 -1.056250088599285791e-02 1.621252651969773070e-02 9.998123927352517981e-01 6.599860541380238033e-01
0013983 014168 -9.999141564592336495e-01 7.775693204822377129e-03 -1.056599908179560628e-02 1.085225558472302509e+02 -7.949390277493240814e-03 -9.998319831970300386e-01 1.649734542808084861e-02 1.069162539974623627e+01 -1.043602150424863956e-02 1.657992244696433748e-02 9.998076958712703854e-01 6.331573144354081251e-01
0013984 014169 -9.999169373177103637e-01 7.707242248495388762e-03 -1.032290615605149960e-02 1.076084492721083734e+02 -7.874291327603463730e-03 -9.998365005869043198e-01 1.624010569169656582e-02 1.066405149496134186e+01 -1.019613240363631546e-02 1.632004313400244044e-02 9.998144467861479479e-01 6.031531622423145222e-01
0013985 014170 -9.999193271409492212e-01 7.649640611996033797e-03 -1.013534758119435941e-02 1.066187725812224016e+02 -7.812731604050765846e-03 -9.998384709751658717e-01 1.615004933515469532e-02 1.063627380756711460e+01 -1.001024816189780182e-02 1.622793196917770089e-02 9.998178244394245739e-01 5.758947348687613044e-01
0013986 014171 -9.999158735119180186e-01 7.550171141047138865e-03 -1.056804117120330698e-02 1.056319710019165541e+02 -7.725157397745836124e-03 -9.998323939266486882e-01 1.661631262395274478e-02 1.060484202275496557e+01 -1.044085579424209632e-02 1.669655231521344207e-02 9.998062965605106767e-01 6.077173115706315798e-01
0013987 014172 -9.999138184908178406e-01 7.519772824223740562e-03 -1.075614645416741663e-02 1.047227497102239795e+02 -7.696755376569010786e-03 -9.998341224250956172e-01 1.650839105518411495e-02 1.058265755789452811e+01 -1.063026933797089381e-02 1.658975448705501954e-02 9.998060783372796356e-01 6.193483047430632382e-01
0013988 014173 -9.999161928966177060e-01 7.571125205381858819e-03 -1.050447304302142698e-02 1.037414328053432655e+02 -7.743430981137585170e-03 -9.998346379154400276e-01 1.646049980338125732e-02 1.056686933408033724e+01 -1.037815656865019760e-02 1.654045941303295894e-02 9.998095438365566245e-01 5.803068276492098221e-01
0013989 014174 -9.999198088883076707e-01 7.595824455455696747e-03 -1.013281576448353712e-02 1.028382246221481182e+02 -7.757885135304861887e-03 -9.998411461670279055e-01 1.605134212848869507e-02 1.054842669913621478e+01 -1.000932862086288157e-02 1.612866277826435074e-02 9.998200320112536899e-01 5.430129772904237484e-01
0013990 014175 -9.999216117835088014e-01 7.554249991472145563e-03 -9.983899704747918949e-03 1.018619690215427909e+02 -7.716059413251995062e-03 -9.998379404831648776e-01 1.626908327624024264e-02 1.052334824786106537e+01 -9.859426865081703448e-03 1.634484295954753350e-02 9.998180107525290738e-01 5.147717405572649341e-01
0013991 014176 -9.999273961625581020e-01 7.441070191697799277e-03 -9.479950911517836046e-03 1.009643978031308507e+02 -7.594596152953882531e-03 -9.998390000459483895e-01 1.626302078013657296e-02 1.049209505857150049e+01 -9.357455871849933160e-03 1.633383495038995964e-02 9.998230146576515542e-01 4.550307129428112773e-01
0013992 014177 -9.999297266456950162e-01 7.455928100298127130e-03 -9.215854771736864404e-03 9.999334085813552520e+01 -7.608009822394953998e-03 -9.998336852377995854e-01 1.657872944624951342e-02 1.047325690178443125e+01 -9.090758227453307055e-03 1.664767733274057776e-02 9.998202987040505363e-01 4.124235666709061832e-01
0013993 014178 -9.999321980296741463e-01 7.360522662123984532e-03 -9.023246533009081707e-03 9.910055954009658308e+01 -7.507244031113921058e-03 -9.998384543130675040e-01 1.633574660150803257e-02 1.044432573821685395e+01 -8.901595155123093184e-03 1.640237732824423658e-02 9.998260550496242960e-01 3.841015146690160975e-01
0013994 014179 -9.999279997309048484e-01 7.334924032747187385e-03 -9.517057125539695600e-03 9.813384679205046268e+01 -7.492231507785776339e-03 -9.998344069743309026e-01 1.659994939759518867e-02 1.042255247371126359e+01 -9.393764660440537956e-03 1.667005600352361797e-02 9.998171249176351916e-01 4.201156811627662080e-01
0013995 014180 -9.999276298566074361e-01 7.209314918299575790e-03 -9.629020555514639784e-03 9.724544953011945836e+01 -7.371206823376656725e-03 -9.998303294805918062e-01 1.688454801600029059e-02 1.039202077760597831e+01 -9.505706875265080083e-03 1.695430221031156773e-02 9.998112871683455527e-01 4.250289211290443347e-01
0013996 014181 -9.999251826072779181e-01 7.149599111829041224e-03 -9.920229605977706408e-03 9.628570363402695875e+01 -7.316845871428725827e-03 -9.998299900051947908e-01 1.692650640918197391e-02 1.036653568075329446e+01 -9.797571844592213586e-03 1.699782353800207910e-02 9.998077307006734138e-01 4.396329961850753421e-01
0013997 014182 -9.999194624753212635e-01 7.130673784096224280e-03 -1.050055918966666391e-02 9.540082164109981022e+01 -7.309691620925187240e-03 -9.998269925815704839e-01 1.710982921971240453e-02 1.034712003875738162e+01 -1.037678314104369635e-02 1.718520550436227964e-02 9.997986837126693338e-01 4.844818724051123127e-01
0013998 014183 -9.999176361957801129e-01 7.022857693355769038e-03 -1.073797870759273312e-02 9.444628712900657774e+01 -7.203133944132975378e-03 -9.998322263833410162e-01 1.684313338829927786e-02 1.031669018714516994e+01 -1.061793653805180766e-02 1.691909190519032269e-02 9.998006904447420684e-01 4.965141771267269633e-01
0013999 014184 -9.999102126494898712e-01 7.067049550949321482e-03 -1.139397177006110963e-02 9.356488593278390908e+01 -7.254870310619107761e-03 -9.998372591671741416e-01 1.652799063573147723e-02 1.030230461399187192e+01 -1.127535699826219366e-02 1.660916665562230110e-02 9.997986891858207104e-01 5.490289063552395987e-01
0014000 014185 -9.999112916838086562e-01 7.027721967000595711e-03 -1.132693463391118774e-02 9.261534288558959815e+01 -7.210621959420875603e-03 -9.998431790124929774e-01 1.618817913390460314e-02 1.027825855677317435e+01 -1.121143528109594736e-02 1.626841554665075379e-02 9.998050106788957114e-01 5.396844988519404751e-01
0014001 014186 -9.999091346877263531e-01 7.047401404579225169e-03 -1.148392597556052198e-02 9.174078571294512585e+01 -7.234188475780209404e-03 -9.998408746229360267e-01 1.630550176340917964e-02 1.026276600484332846e+01 -1.136723400108591298e-02 1.638709580834676882e-02 9.998013132581804463e-01 5.468333172012904697e-01
0014002 014187 -9.999260953754066650e-01 7.217873675297608281e-03 -9.784144887236856727e-03 9.079881129279647212e+01 -7.371835031110092126e-03 -9.998482095806776604e-01 1.579210041651203308e-02 1.025596852396785152e+01 -9.668719886401196464e-03 1.586305900173883704e-02 9.998276331577384823e-01 3.844676947616143536e-01
0014003 014188 -9.999363612054633643e-01 7.351641018339869459e-03 -8.552401101867848632e-03 8.993064079267378474e+01 -7.486354946159830791e-03 -9.998467434043020186e-01 1.582763213616377590e-02 1.024866470651898709e+01 -8.434777901124144994e-03 1.589065000942869316e-02 9.998383661591657701e-01 2.654611319668731539e-01
0014004 014189 -9.999409931670583118e-01 7.311453919440008380e-03 -8.031180304631261799e-03 8.899309068764887343e+01 -7.441682805584096637e-03 -9.998393894052288733e-01 1.630695639431939403e-02 1.022672388358854789e+01 -7.910709349736347665e-03 1.636575842097038463e-02 9.998349860177754289e-01 2.033455723007300264e-01
0014005 014190 -9.999340921372351643e-01 7.230876489564573573e-03 -8.921463904556751687e-03 8.812668243660709777e+01 -7.373697488957870090e-03 -9.998430095665031825e-01 1.608039573191968191e-02 1.020554629941431557e+01 -8.803865337775513417e-03 1.614512063595549204e-02 9.998305155358981899e-01 2.734508429924566997e-01
0014006 014191 -9.999215391039087963e-01 7.242480367224398384e-03 -1.024172815905018130e-02 8.719021991601084665e+01 -7.410214812860109988e-03 -9.998371557449570179e-01 1.643500303781915070e-02 1.018982409299825775e+01 -1.012110584611351609e-02 1.650960687752531242e-02 9.998120969189027152e-01 3.743076887320881951e-01
0014007 014192 -9.999186703990184943e-01 7.217854371238363945e-03 -1.051040071796009376e-02 8.633030886877395460e+01 -7.393688553255148115e-03 -9.998311653057010417e-01 1.678736141484533928e-02 1.017144230356777967e+01 -1.038753761030487485e-02 1.686370741947390214e-02 9.998034543867917456e-01 3.812560405288252241e-01
0014009 014193 -9.999188632004016863e-01 7.212073685762959707e-03 -1.049466611794330068e-02 8.540167080383935172e+01 -7.390100365636413648e-03 -9.998271720152747122e-01 1.702425981134142452e-02 1.015184377105362046e+01 -1.037015250414761482e-02 1.710043587502283607e-02 9.997996139171593244e-01 3.681115039375697506e-01
0014010 014194 -9.999237953835050652e-01 7.172987815236309475e-03 -1.006819615647480855e-02 8.454785203702795116e+01 -7.339887984432231713e-03 -9.998343014708807042e-01 1.663851727530971450e-02 1.012960262729946237e+01 -9.947255631955505620e-03 1.671114865883307349e-02 9.998104933606151157e-01 3.241946061859408701e-01
0014011 014195 -9.999203480295200119e-01 7.177750724256500361e-03 -1.039407797182400998e-02 8.362281446977704036e+01 -7.348624695125456976e-03 -9.998365332042687958e-01 1.649520370666410912e-02 1.010998590656470242e+01 -1.027405761460032686e-02 1.657027219921493669e-02 9.998095332874081809e-01 3.465576068747182603e-01
0014012 014196 -9.999075634268870250e-01 7.103149972786860188e-03 -1.158286928754372405e-02 8.277114245168240814e+01 -7.292734103801690702e-03 -9.998381261121356278e-01 1.640788512919245587e-02 1.008705798206170812e+01 -1.146452927206488559e-02 1.649084005055479613e-02 9.997979045093832173e-01 4.351313789937947263e-01
0014013 014197 -9.998942328457578466e-01 7.153775039882291284e-03 -1.266906890622000563e-02 8.184975266885203382e+01 -7.349519343841742075e-03 -9.998528403035545908e-01 1.547155971443325319e-02 1.007078258359441492e+01 -1.255660454013427657e-02 1.556303544768901197e-02 9.997996584223119987e-01 5.228589483272685356e-01
0014014 014198 -9.999006921331266007e-01 7.050236195077395733e-03 -1.221847336221011833e-02 8.100569831819484534e+01 -7.239064137568971755e-03 -9.998542510839985020e-01 1.547956433788500244e-02 1.004023841796594496e+01 -1.210759964205948731e-02 1.556647573221747738e-02 9.998057351187146224e-01 4.857689180137825247e-01
0014015 014199 -9.999249460085325447e-01 7.162015597964106924e-03 -9.939890112215996748e-03 8.009437986026932776e+01 -7.308252235737193112e-03 -9.998645105576158265e-01 1.475454872099512052e-02 1.002490294803297388e+01 -9.832916738877315807e-03 1.482608327459950838e-02 9.998419464234346021e-01 2.985244880013979696e-01
0014016 014200 -9.999362362268566784e-01 7.069021324580499616e-03 -8.795077905791566855e-03 7.925400784283101530e+01 -7.194572497625803184e-03 -9.998714660930948517e-01 1.432632273204885107e-02 9.996212434161456883e+00 -8.692721591104589363e-03 1.438868504434199710e-02 9.998588995577837313e-01 2.077088188103672906e-01
0014017 014201 -9.999384655909681063e-01 6.878525465152858856e-03 -8.709097492943941587e-03 7.834198030252264289e+01 -6.997980375603458925e-03 -9.998809539417443659e-01 1.376069549145845887e-02 9.959324834496825929e+00 -8.613452682231575661e-03 1.382079358146476311e-02 9.998675966533744353e-01 1.973834549140036643e-01
0014018 014202 -9.999316584256360274e-01 6.784772575809967093e-03 -9.507876842687525837e-03 7.749652679853124937e+01 -6.907536124905220426e-03 -9.998923830082301345e-01 1.293893028304426464e-02 9.931797956461899446e+00 -9.419113263136007566e-03 1.300372093250716336e-02 9.998712918684684592e-01 2.594641802117791940e-01
0014019 014203 -9.999309282771172702e-01 6.671847266458381248e-03 -9.679645083641290684e-03 7.657791341188658407e+01 -6.799500118077807069e-03 -9.998896670252439556e-01 1.321529904304512802e-02 9.902492010493375574e+00 -9.590451816212673675e-03 1.328020181947160878e-02 9.998660291748846518e-01 2.582707478540768875e-01
0014020 014204 -9.999379958058173257e-01 6.653613895557194437e-03 -8.923892734125762893e-03 7.572619388673228968e+01 -6.768221522966934994e-03 -9.998942395407910411e-01 1.287462299427528239e-02 9.879205784486650543e+00 -8.837332618579525970e-03 1.293422252242110160e-02 9.998775045825467611e-01 1.997846959813145418e-01
0014021 014205 -9.999418616266915194e-01 6.538917175920713754e-03 -8.594942547002562550e-03 7.480074766743155124e+01 -6.649339162392086527e-03 -9.998951683949325320e-01 1.288210504229365082e-02 9.847744767315099068e+00 -8.509850195482273824e-03 1.293850555916381193e-02 9.998802899843831637e-01 1.673870405824438024e-01
0014022 014206 -9.999508502103690022e-01 5.789435585032839775e-03 -8.072018562849062745e-03 7.395123701880311273e+01 -5.895282116263610671e-03 -9.998964062872914837e-01 1.315116689968740329e-02 9.771383986881915007e+00 -7.995088277908157445e-03 1.319810600204402232e-02 9.998811455831574380e-01 1.206664380324617980e-01
0014023 014207 -9.999556352703928841e-01 4.519914065775740633e-03 -8.273976963696831263e-03 7.303313401367768165e+01 -4.632664688216281586e-03 -9.998961365594698503e-01 1.365900272898400505e-02 9.657135263160760985e+00 -8.211425067879906184e-03 1.369672602755606962e-02 9.998726863501742335e-01 1.212577319379093410e-01
0014024 014208 -9.999619413031313186e-01 2.712285346604738443e-03 -8.317910272922347456e-03 7.219171228253208028e+01 -2.823404626288927681e-03 -9.999068359561821273e-01 1.337643263132940949e-02 9.504252143271955333e+00 -8.280897954791130444e-03 1.339940694990296097e-02 9.998761420238706510e-01 1.214310312647732815e-01
0014025 014209 -9.999640512216650956e-01 1.597855363398125578e-04 -8.478115918567591391e-03 7.128505958018467936e+01 -2.706397270174350591e-04 -9.999145532925836077e-01 1.307568876601690813e-02 9.298137156619841193e+00 -8.475348049438814757e-03 1.307751212123836604e-02 9.998787745858184195e-01 1.267521117727987701e-01
0014026 014210 -9.999608369663013363e-01 -2.768580838714048385e-03 -8.413769015750935040e-03 7.045429285932004859e+01 2.655547739397546951e-03 -9.999066207396779538e-01 1.341577060099724723e-02 9.069430336359950218e+00 -8.450171088963986596e-03 1.339290082037590882e-02 9.998748129383142613e-01 1.173408533348165861e-01
0014027 014211 -9.999268238226379779e-01 -6.864336775525590323e-03 -9.969964084489161757e-03 6.956217156327102202e+01 6.720893928236590376e-03 -9.998746042592500105e-01 1.435028833439016063e-02 8.762582349972632301e+00 -1.006726341070626751e-02 1.428222980525012571e-02 9.998475308775122139e-01 2.114661037991893977e-01
0014028 014212 -9.998573017296557008e-01 -1.260729761565375188e-02 -1.124716691932275796e-02 6.876064887927805103e+01 1.242831921015951843e-02 -9.997973501363778270e-01 1.584346231724928847e-02 8.348376836253599720e+00 -1.144467563708163188e-02 1.570141663691666106e-02 9.998114331677535604e-01 2.797212438015037606e-01
0014029 014213 -9.997119241319435412e-01 -2.075988240484740940e-02 -1.206307785274000031e-02 6.791568084867139987e+01 2.055900815255645026e-02 -9.996520420875044666e-01 1.654378604292482471e-02 7.770119315223418255e+00 -1.240236874874158304e-02 1.629101332425498400e-02 9.997905787110273890e-01 3.270357624885562586e-01
0014030 014214 -9.994873647353992308e-01 -2.973097963863965965e-02 -1.187473064081311439e-02 6.715321405684107958e+01 2.952449446748200285e-02 -9.994160910387059893e-01 1.720078137605538307e-02 7.142988621130982096e+00 -1.237923862520905888e-02 1.684136681982572464e-02 9.997817461004538941e-01 3.058658043113595681e-01
0014031 014215 -9.991087613540667878e-01 -4.085061755786479482e-02 -1.062136447488808491e-02 6.634199173025990603e+01 4.065531789455064521e-02 -9.990111994657550065e-01 1.799512388892389458e-02 6.375838100989824397e+00 -1.134602013462332817e-02 1.754726966241092895e-02 9.997818652459932176e-01 2.191411880353513197e-01
0014032 014216 -9.985497401853419275e-01 -5.280413251095674582e-02 -1.050431288722034583e-02 6.560311483929945098e+01 5.260104491934908255e-02 -9.984390489335883689e-01 1.875445701101454213e-02 5.567708927655303341e+00 -1.147830769529053184e-02 1.817472029438668354e-02 9.997685538188343379e-01 2.044948068964345111e-01
0014033 014217 -9.976774323784689535e-01 -6.704839607187192130e-02 -1.202634989171598098e-02 6.480784939141449286e+01 6.681566726518455013e-02 -9.975876396249766520e-01 1.881182168977152055e-02 4.615413636537653019e+00 -1.325871901669017396e-02 1.796458107126266621e-02 9.997503257028813595e-01 3.101588446396732479e-01
0014034 014218 -9.965700006745293882e-01 -8.162580593791479711e-02 -1.361171282207432852e-02 6.407798996637802702e+01 8.135369857716366615e-02 -9.964943864300290777e-01 1.947492877930461982e-02 3.653855553046923887e+00 -1.515373804500813430e-02 1.830076720287659997e-02 9.997172999581744879e-01 4.160633772494151117e-01
0014035 014219 -9.949203684939708081e-01 -9.971181447213503524e-02 -1.382404410720949363e-02 6.329427649692115665e+01 9.941460613856817341e-02 -9.948294120451084410e-01 2.074164473305247988e-02 2.475364177509902675e+00 -1.582083630912416855e-02 1.926197293831801577e-02 9.996889073214292321e-01 4.324108828343042887e-01
0014037 014220 -9.927502927072142658e-01 -1.195356517807903279e-01 -1.256553415143286251e-02 6.257176762805192993e+01 1.192395106569891089e-01 -9.926178601194541873e-01 2.214699412814333246e-02 1.198567191289555467e+00 -1.512021491230481837e-02 2.048812741146509644e-02 9.996753720142642630e-01 3.706118997422080952e-01
0014038 014221 -9.895338687484515061e-01 -1.437911018820751952e-01 -1.210438835970805739e-02 6.177373728143084008e+01 1.434677622449000434e-01 -9.893553284481646504e-01 2.432450390217580360e-02 -3.438924866502475197e-01 -1.547327610407643779e-02 2.233333209429920474e-02 9.996304485555925767e-01 3.662773564753507571e-01
0014039 014222 -9.856761443620443153e-01 -1.681745256173970415e-01 -1.263768780250385144e-02 6.101284766620847222e+01 1.678389191526319102e-01 -9.855191915732466335e-01 2.410086863846538918e-02 -1.881030576544389987e+00 -1.650792280340852500e-02 2.163455587664903090e-02 9.996292654726918192e-01 4.260521851502758750e-01
0014040 014223 -9.805332897258542957e-01 -1.958313588575045783e-01 -1.430351467521170407e-02 6.015529870647105781e+01 1.954727821699853985e-01 -9.804335018937999635e-01 2.322914487486292881e-02 -3.610289656807708525e+00 -1.857272631298683904e-02 1.998100198031967090e-02 9.996274544734939926e-01 5.472313134317374761e-01
0014041 014224 -9.750405753217279425e-01 -2.215350954644062509e-01 -1.478208274104408047e-02 5.933302605420976761e+01 2.211861450640111582e-01 -9.749809724828516488e-01 2.212153611363867553e-02 -5.208927218845587959e+00 -1.931298445203374209e-02 1.829980096773952888e-02 9.996462092518040299e-01 5.982908197993452859e-01
0014042 014225 -9.682644703360780980e-01 -2.495222940706473824e-01 -1.424574749286809140e-02 5.840390782827626026e+01 2.492056254144293659e-01 -9.682263393164836085e-01 2.085298265947382185e-02 -6.934035326160483237e+00 -1.899643112360097086e-02 1.664107980543860082e-02 9.996812630957638834e-01 5.823394000620396582e-01
0014043 014226 -9.610586782122698679e-01 -2.760180417326075775e-01 -1.342326981512319620e-02 5.750227255234176482e+01 2.756934983373948156e-01 -9.609953945567595301e-01 2.193176968643311200e-02 -8.547100047168669334e+00 -1.895330886572301268e-02 1.737700798006559799e-02 9.996695600253366898e-01 5.679874049711344242e-01
0014044 014227 -9.522684907142653365e-01 -3.050180584314093890e-01 -1.221004074714816118e-02 5.647713392030345858e+01 3.046975921726694514e-01 -9.521781072306496618e-01 2.273175816403358654e-02 -1.029826618727906862e+01 -1.855976983239881681e-02 1.792636458768782221e-02 9.996672436685989371e-01 5.346506397553554280e-01
0014045 014228 -9.428615186626609912e-01 -3.330176777233040397e-01 -1.057195934267278307e-02 5.547026246832137986e+01 3.327063177131660554e-01 -9.427327233705126153e-01 2.370696174209483559e-02 -1.197410933789842602e+01 -1.786140926097288736e-02 1.883502151824095056e-02 9.996632581164853759e-01 4.820323742993792848e-01
0014046 014229 -9.313386446588816092e-01 -3.640412500667780660e-01 -9.081724187364737660e-03 5.431285532504625735e+01 3.637582122006297047e-01 -9.311990198344300973e-01 2.342307583456002679e-02 -1.381889528971009895e+01 -1.698390074898315297e-02 1.851126186032491655e-02 9.996845991449623270e-01 4.293848036040373017e-01
0014047 014230 -9.196212732398988399e-01 -3.927370547796818490e-01 -7.373563817333107090e-03 5.318687208086021201e+01 3.924819207864788106e-01 -9.194628055134869138e-01 2.337189798810461461e-02 -1.551107267390898414e+01 -1.595877184324187917e-02 1.859930247631736561e-02 9.996998554024535411e-01 3.650723574928704807e-01
0014048 014231 -9.060516827407446572e-01 -4.231148487994130236e-01 -6.632251474861042446e-03 5.191395703795978989e+01 4.229214191652735377e-01 -9.059488082230973127e-01 1.985298504126980362e-02 -1.729356690795316354e+01 -1.440861895088649085e-02 1.518290863915800794e-02 9.997811201278409277e-01 3.015337520038627872e-01
0014049 014232 -8.926384962229046982e-01 -4.507098007211711721e-01 -7.556676496532109717e-03 5.068833876161852459e+01 4.505259396070221412e-01 -8.925788112452798240e-01 1.815064736732463144e-02 -1.889493921262010190e+01 -1.492564896382906486e-02 1.279748697683666045e-02 9.998069146522483575e-01 3.397321944127540405e-01
0014050 014233 -8.767365785204513928e-01 -4.808734820186780778e-01 -9.676177022347447892e-03 4.929107162527088803e+01 4.806515309936693070e-01 -8.767104850564185758e-01 1.879046481006538608e-02 -2.062833401997841065e+01 -1.751902131417232972e-02 1.182341952129764041e-02 9.997767735522442578e-01 4.621691664040525893e-01
0014051 014234 -8.611722275429968265e-01 -5.082069417368343389e-01 -1.040756339403829320e-02 4.794960086005721678e+01 5.079951008536907064e-01 -8.611770560857284762e-01 1.775801462043928233e-02 -2.217632275514597495e+01 -1.798754306191694893e-02 1.000571704845919056e-02 9.997883533543509005e-01 5.018207573542241562e-01
0014052 014235 -8.427504094975446503e-01 -5.381895647040657593e-01 -1.112242377107872104e-02 4.642198200143911890e+01 5.379602879876270727e-01 -8.427708133873246243e-01 1.833791043476936528e-02 -2.386744555991299421e+01 -1.924290488064159949e-02 9.470859941523857017e-03 9.997701333969094550e-01 5.484137285870502865e-01
0014053 014236 -8.246538715096188854e-01 -5.655500186751324376e-01 -9.960887853749421719e-03 4.495327885411097668e+01 5.653583793183195594e-01 -8.246722536642058232e-01 1.690212421567071494e-02 -2.538742831828631097e+01 -1.777350786569761171e-02 8.306930197455287060e-03 9.998077389488236877e-01 4.843374518511680549e-01
0014054 014237 -8.040275113146235775e-01 -5.945227107882946616e-01 -9.084173691502895817e-03 4.330961990014611729e+01 5.943538040510795151e-01 -8.040440532432335807e-01 1.602418972642775247e-02 -2.698473378983544535e+01 -1.683086439639768991e-02 7.484675713853274764e-03 9.998305451839147873e-01 4.367287423859522733e-01
0014055 014238 -7.839983520073152690e-01 -6.206995429556578792e-01 -8.861107877674039360e-03 4.173924463427329101e+01 6.205604692770547715e-01 -7.840274709904565542e-01 1.433599117368880571e-02 -2.841268039312171823e+01 -1.584574015734875607e-02 5.740539679021280407e-03 9.998581779784035950e-01 3.877854152630177964e-01
0014056 014239 -7.615673674188868647e-01 -6.480158495822040399e-01 -9.533755656028384054e-03 3.999609410544098864e+01 6.479039270868496292e-01 -7.616197794191362780e-01 1.249501500959147339e-02 -2.988630459238993353e+01 -1.535810731869198878e-02 3.338838363748044061e-03 9.998766914295894592e-01 3.670540329827787218e-01
0014057 014240 -7.398223201441537222e-01 -6.727349097784881549e-01 -9.535551579719116211e-03 3.833212347556036548e+01 6.726357449216472384e-01 -7.398802621510239819e-01 1.177357040386759097e-02 -3.120050847727952714e+01 -1.497570126809912028e-02 2.296397814581986000e-03 9.998854295645970280e-01 3.496440285583588548e-01
0014058 014241 -7.152618868337518032e-01 -6.988027114908348381e-01 -8.688974673521754344e-03 3.647754903989289232e+01 6.986715667740646118e-01 -7.153033614174652000e-01 1.412232545162049602e-02 -3.255963951317517058e+01 -1.608401456583851558e-02 4.030421821132734901e-03 9.998627293804223104e-01 3.945021743837244799e-01
0014059 014242 -6.924452819072677290e-01 -7.214206220668607505e-01 -8.479587240319027067e-03 3.475416024326932529e+01 7.212986738041978763e-01 -6.924891221394520180e-01 1.367908620882349151e-02 -3.372413567838202653e+01 -1.574044055062783637e-02 3.355703670433991120e-03 9.998706892167310567e-01 3.756949552589574637e-01
0014060 014243 -6.677907042219867195e-01 -7.443081102012303329e-01 -7.772684619302681376e-03 3.288708892111571913e+01 7.442388742871521856e-01 -6.678347533203975450e-01 1.023508476932126141e-02 -3.488957173997232530e+01 -1.280900670440886235e-02 1.050162903983814554e-03 9.999170264854655432e-01 2.242041499847715613e-01
