0014365 014858 -2.515179379373723711e-01 -9.678518750093991763e-01 -9.782917285408232119e-04 3.785441961292360702e+01 9.678401020496142371e-01 -2.515195468179753369e-01 4.886034790161935051e-03 -2.630743847917847233e+01 -4.975091272972181379e-03 2.820988202231416260e-04 9.999872004453312924e-01 1.328284903789622717e-01
0014366 014859 -2.680004466629863358e-01 -9.634179748048607994e-01 -1.012133234011428854e-03 3.807814034061107122e+01 9.634075306162694918e-01 -2.680020889018062680e-01 4.602902503621589606e-03 -2.565545045939006741e+01 -4.705846441190806619e-03 2.584865260212300376e-04 9.999885100940343330e-01 1.207561609171428074e-01
0014367 014860 -2.834067943765105624e-01 -9.589983324463285941e-01 -1.314027968803183890e-03 3.827883851628280354e+01 9.589868131449806876e-01 -2.834096698149717319e-01 4.805290461115966846e-03 -2.504023354720266070e+01 -4.980747191602200898e-03 1.017191290378186854e-04 9.999872068971067396e-01 1.344398886993563025e-01
0014368 014861 -3.004409621420654486e-01 -9.537990761951529173e-01 -1.345248642685181826e-03 3.849469950426532705e+01 9.537881474893500355e-01 -3.004437878179614385e-01 4.673116600312061941e-03 -2.435376758678148690e+01 -4.861459436225283592e-03 1.209165543768938298e-04 9.999877917914760106e-01 1.273110954832450403e-01
0014369 014862 -3.167348965890957047e-01 -9.485125703561712029e-01 -1.443769356390017669e-03 3.869816830996137469e+01 9.485034529211767707e-01 -3.167380162869540827e-01 4.273331383417807057e-03 -2.369031080523200217e+01 -4.510678326574307263e-03 -1.590404765728031547e-05 9.999894427509421480e-01 1.145045358628689058e-01
0014370 014863 -3.348851447008335813e-01 -9.422573761587897945e-01 -1.548275983147407451e-03 3.891882650893148821e+01 9.422491592556274664e-01 -3.348885284316301392e-01 4.055545743095845951e-03 -2.294143630919279531e+01 -4.339940979187058290e-03 -1.007162968425747340e-04 9.999901933697006307e-01 1.074471436274553326e-01
0014371 014864 -3.519421046477437809e-01 -9.360201069379054939e-01 -1.587156067587104690e-03 3.911809699909917981e+01 9.360115049868380499e-01 -3.519454925909057397e-01 4.128448593621056664e-03 -2.222720959734169810e+01 -4.422976576055292347e-03 -3.261808693334719057e-05 9.999898340948568665e-01 1.097875388979012712e-01
0014372 014865 -3.712104534406269196e-01 -9.285477003600604018e-01 -1.592028587551005785e-03 3.933891338881176125e+01 9.285406870098280585e-01 -3.712138672902968728e-01 3.593524109161444057e-03 -2.141376945838374013e+01 -3.927788632602723443e-03 -1.443084136196644534e-04 9.999924839656010311e-01 1.117270640453220665e-01
0014373 014866 -3.898955703167225617e-01 -9.208572920151854024e-01 -1.831450151169655878e-03 3.955206292859020323e+01 9.208517060698686585e-01 -3.898996613468655448e-01 3.216375952119423717e-03 -2.061359118741256680e+01 -3.675951553865769005e-03 -4.324429387342268037e-04 9.999933583139727356e-01 1.067213292822373205e-01
0014374 014867 -4.110757430783029687e-01 -9.116002680714960782e-01 -1.434886741701019196e-03 3.978587926462273572e+01 9.115961852486598183e-01 -4.110782329682637348e-01 2.711850018693398416e-03 -1.969276640958878488e+01 -3.062021008711301485e-03 -1.932606243745440134e-04 9.999955014534832598e-01 7.695191475994889174e-02
0014375 014868 -4.315104459219319399e-01 -9.021078586724496917e-01 -6.289145223142892076e-04 4.000100209093739068e+01 9.021055131648773040e-01 -4.315108197129139400e-01 2.051465322341042893e-03 -1.879026424079302160e+01 -2.122073609884427177e-03 3.178820474260191835e-04 9.999979059545910376e-01 2.680346969189284501e-02
0014376 014869 -4.545614699109483126e-01 -8.907153435001918806e-01 5.648951323945550001e-04 4.022591887109570052e+01 8.907146149767072307e-01 -4.545601134853394232e-01 1.661333357782636281e-03 -1.775362729638436576e+01 -1.223043846612441657e-03 1.258338971351682586e-03 9.999986684102065704e-01 -3.113629006799123466e-02
0014377 014870 -4.767781754188579191e-01 -8.790218355788477211e-01 1.876848272368840777e-03 4.042277206306971493e+01 8.790237304783206085e-01 -4.767764447240534498e-01 1.325803029291140441e-03 -1.673579666945715871e+01 -2.706207870519343212e-04 2.281908506635704770e-03 9.999975678194391593e-01 -8.809779439489862085e-02
0014378 014871 -5.018368730352558149e-01 -8.649569637406681055e-01 3.101102491137234726e-03 4.061976976511004978e+01 8.649623991581997240e-01 -5.018323437480263216e-01 2.164122124186580384e-03 -1.556446599420223720e+01 -3.156871866293707997e-04 3.768373446502997111e-03 9.999930578244743407e-01 -1.299728405472757586e-01
0014379 014872 -5.255301830473201319e-01 -8.507659874759284646e-01 3.977016995572857545e-03 4.077283242642215555e+01 8.507742308856932612e-01 -5.255175640436621221e-01 3.848958363754126193e-03 -1.443920447800064721e+01 -1.184557043929404313e-03 5.406287299325697113e-03 9.999848377663292931e-01 -1.274433339426392919e-01
0014380 014873 -5.517113698210985850e-01 -8.340244161197517547e-01 4.267251504262107448e-03 4.090619463992788951e+01 8.340352498436228723e-01 -5.517030856093689817e-01 3.036181162719282269e-03 -1.315809978764582411e+01 -1.780415514133821436e-04 5.234133650604846227e-03 9.999864939721145873e-01 -1.766026714488670990e-01
0014381 014874 -5.764468563803811785e-01 -8.171251592008151876e-01 3.948943491399170384e-03 4.099455552573590467e+01 8.171343957880866649e-01 -5.764437235909731783e-01 2.014660028368246269e-03 -1.192780971007368862e+01 6.300666740408492669e-04 4.388161999386769319e-03 9.999903814268231717e-01 -1.852161182425415831e-01
0014382 014875 -6.034409011923281829e-01 -7.974004478383257544e-01 3.473819864932271156e-03 4.104354893606250698e+01 7.974063879226849227e-01 -6.034426685523358591e-01 6.471957748554048144e-04 -1.055299245322385104e+01 1.580127794374252756e-03 3.160590879623012897e-03 9.999939648184705820e-01 -1.862191023432782089e-01
0014383 014876 -6.284722133061267924e-01 -7.778253243909608594e-01 3.274508707969712995e-03 4.104339105339386151e+01 7.778267226197740358e-01 -6.284780376701023519e-01 -1.092498997391987050e-03 -9.246457711120001477e+00 2.907681240689917283e-03 1.860395565221085578e-03 9.999942499820686503e-01 -1.967335873299020932e-01
0014384 014877 -6.555279667650317776e-01 -7.551601170162228760e-01 4.021073742678888882e-03 4.098973619959815551e+01 7.551613683766996710e-01 -6.555371293193416049e-01 -1.498050575029282122e-03 -7.794165745602185780e+00 3.767183702506141704e-03 2.054545477424542244e-03 9.999910013399493369e-01 -2.311968324995383739e-01
0014385 014878 -6.804479365405453617e-01 -7.327795951771965965e-01 4.995912846122670115e-03 4.088892190376964209e+01 7.327806005954661250e-01 -6.804623544115577793e-01 -1.962673412555654851e-03 -6.418008854437630362e+00 4.837687976890309334e-03 2.325411324916080904e-03 9.999858022629941612e-01 -2.753811844685998267e-01
0014386 014879 -7.073266550813178677e-01 -7.068631727909746587e-01 5.806769218669888440e-03 4.071945327080675270e+01 7.068652081278806731e-01 -7.073455250050275644e-01 -2.036064710185068929e-03 -4.889513326103951840e+00 5.546561598982313601e-03 2.664440590021626299e-03 9.999812757402185559e-01 -3.081835375667516530e-01
0014387 014880 -7.313687410953181312e-01 -6.819531285807860499e-01 6.313545924039255103e-03 4.050211779853543703e+01 6.819479626151290219e-01 -7.313935311190222777e-01 -3.264129392955647350e-03 -3.480358051867824543e+00 6.843620216344066705e-03 1.918227904091796649e-03 9.999749499632243355e-01 -3.319293816957298304e-01
0014388 014881 -7.561121512293226266e-01 -6.544022942010965238e-01 7.250187738855022254e-03 4.019659159615866884e+01 6.544006766583937429e-01 -7.561427021599094189e-01 -2.915870034745999140e-03 -1.982599889881385025e+00 7.390276618075273564e-03 2.539803486607648472e-03 9.999696737649278466e-01 -3.661929062214426267e-01
0014389 014882 -7.775134681336637321e-01 -6.288130572803755092e-01 8.182287935939367568e-03 3.985461868516449613e+01 6.288231099879294517e-01 -7.775467742002690752e-01 -1.595272544872998509e-03 -6.424411228817916708e-01 7.365190854439482467e-03 3.904865927672968376e-03 9.999654600141054672e-01 -4.023191142891135996e-01
0014390 014883 -7.976563955854117927e-01 -6.030496925191431989e-01 8.650775472448463468e-03 3.945896546255380599e+01 6.030653355426395246e-01 -7.976906591736919738e-01 -1.005889573277991096e-03 6.602392556119411893e-01 7.507183475701165697e-03 4.414630866667079365e-03 9.999616911194083579e-01 -4.378359445604971256e-01
0014391 014884 -8.183244661983589685e-01 -5.746916775008897860e-01 8.631898206422293149e-03 3.897082677338221401e+01 5.747084171746704717e-01 -8.183577240321633361e-01 -6.857999157416755885e-04 2.038824342569569126e+00 7.458040789545468049e-03 4.399619961304766270e-03 9.999621250142229911e-01 -4.357554579246638582e-01
0014392 014885 -8.378033981221529869e-01 -5.459248956868328895e-01 7.167531568095858972e-03 3.842407225680472038e+01 5.459296424783934842e-01 -8.378293754430947704e-01 -1.492298418828275856e-03 3.383550478612050938e+00 6.819788083207645006e-03 2.662717891609227196e-03 9.999728151226299211e-01 -3.767484731947092769e-01
0014393 014886 -8.541369855805956979e-01 -5.200237828314104860e-01 5.015939209355951486e-03 3.787264669418027552e+01 5.200254368447223552e-01 -8.541496714855523198e-01 -1.128641939528051601e-03 4.550947853218303862e+00 4.871218710281085759e-03 1.644403951048463517e-03 9.999863988910069335e-01 -2.960112964024297355e-01
0014395 014887 -8.702002724949727819e-01 -4.926929763662998840e-01 2.262337383542267939e-03 3.723277875073472387e+01 4.926934349278016545e-01 -8.702024865920179320e-01 -5.092376203386788118e-04 5.740966312462660426e+00 2.219521987304113805e-03 6.715032646768373569e-04 9.999969269720067055e-01 -2.004149110536879164e-01
0014396 014888 -8.835302006946545994e-01 -4.683738568445353634e-01 -9.792040069375992158e-05 3.660959293304085804e+01 4.683739680609078082e-01 -8.835295911459069007e-01 6.156145257442072888e-04 6.765363915230864222e+00 -3.749222626988559133e-04 4.980530156237502693e-04 9.999994214360421463e-01 -1.244504463967102126e-01
0014397 014889 -8.964186791686309386e-01 -4.432044060281177256e-01 -1.882491919621184784e-03 3.590734887256849106e+01 4.432001726227213778e-01 -8.964192403108440788e-01 2.374355683081927262e-03 7.792628867458915920e+00 -2.739898538040738858e-03 1.294099463686976779e-03 9.999950250404201491e-01 -8.082991836159436616e-02
0014398 014890 -9.069990007329878923e-01 -4.211259073581270496e-01 -2.435235023084134000e-03 3.523946962906984481e+01 4.211142033037617027e-01 -9.069973791096080928e-01 4.246873124937406742e-03 8.665278185894294438e+00 -3.997292688882735090e-03 2.826400663907293904e-03 9.999876324958046903e-01 -8.639188905864791934e-02
0014399 014891 -9.170590771383407835e-01 -3.987462929723951666e-01 -2.141654070296087741e-03 3.449889587618508813e+01 3.987267230872956758e-01 -9.170482470458671820e-01 6.337187058530494889e-03 9.518655191463949450e+00 -4.490976081163992016e-03 4.957640645572094183e-03 9.999778344222153281e-01 -1.054439038230015058e-01
0014400 014892 -9.251793227000152386e-01 -3.795266835511149073e-01 -1.731227379229601394e-03 3.380460591634619050e+01 3.795026457706696665e-01 -9.251569834486593757e-01 7.917412159016597173e-03 1.022898852563912442e+01 -4.606572516610428665e-03 6.668020418414391005e-03 9.999673661642886069e-01 -1.444173338954346519e-01
0014401 014893 -9.330556938516320065e-01 -3.597299182597447631e-01 -1.409964052245513784e-03 3.303752447671649861e+01 3.597064927056537464e-01 -9.330280125539955893e-01 8.402916447696119617e-03 1.093549408561625569e+01 -4.338362397604295963e-03 7.333215473247989107e-03 9.999639088257156194e-01 -1.712148499752625952e-01
0014402 014894 -9.396477406911216690e-01 -3.421404897747080120e-01 -1.517229312494638386e-03 3.231183125253392063e+01 3.421168694579961311e-01 -9.396202042054029313e-01 8.386227086876014633e-03 1.154368229349779540e+01 -4.294933448617372328e-03 7.361029227855285691e-03 9.999638919318918351e-01 -1.732574246627933690e-01
0014403 014895 -9.460729467368066414e-01 -3.239513528087207828e-01 -1.343823729441255294e-03 3.151301415009766060e+01 3.239278117323947659e-01 -9.460409245174813408e-01 8.818561403013191330e-03 1.215335370206730659e+01 -4.128143443164224852e-03 7.907700009615905440e-03 9.999604207516123999e-01 -1.930920649802079225e-01
0014404 014896 -9.513877739498082242e-01 -3.079937842486844546e-01 -1.085204215214565339e-03 3.076469980181036590e+01 3.079719142017302014e-01 -9.513523171616731222e-01 9.068446086435113379e-03 1.267021292193044246e+01 -3.825483312407281650e-03 8.293395821252219288e-03 9.999584999259123475e-01 -2.122703959022125275e-01
0014405 014897 -9.565390923484051733e-01 -2.916029222211879435e-01 -7.903944987362143638e-04 2.994399943684993559e+01 2.915810571029665565e-01 -9.564944682993141711e-01 9.943299024667829472e-03 1.318466985847248907e+01 -3.655549995980850869e-03 9.280689660070199840e-03 9.999504597915478410e-01 -2.405883167010847146e-01
0014406 014898 -9.608302269405638585e-01 -2.771354499329644616e-01 -9.047685272351024951e-04 2.917999851584454518e+01 2.771071371830366448e-01 -9.607701466707179172e-01 1.150714181745388261e-02 1.361889119984925856e+01 -4.058296890728296108e-03 1.080569329663107897e-02 9.999335347832948306e-01 -2.465874794326028407e-01
0014407 014899 -9.651474231684358251e-01 -2.617058929292843672e-01 6.538906590052760920e-04 2.832925733941510771e+01 2.616978558162831314e-01 -9.650913795078609470e-01 1.062744599545165092e-02 1.407494763164913820e+01 -2.150248304608416185e-03 1.042817334963118403e-02 9.999435212925095184e-01 -3.078936729200012490e-01
0014408 014900 -9.688240583898815039e-01 -2.477470613213650918e-01 1.260731179242126311e-03 2.753104069097662432e+01 2.477468553285374075e-01 -9.687716791846747721e-01 1.016435415049192492e-02 1.446861513967928659e+01 -1.296875480724500422e-03 1.015981203301172427e-02 9.999477548446433772e-01 -3.224499215223008974e-01
0014409 014901 -9.725265209453060056e-01 -2.327891798763851161e-01 1.200360909662155856e-03 2.664829995849822808e+01 2.327896784042861600e-01 -9.724786316620931403e-01 9.720533511593118514e-03 1.487553059200581629e+01 -1.095557132501735536e-03 9.732907601406588435e-03 9.999522420189337346e-01 -3.194173086052884969e-01
0014410 014902 -9.756414610880577154e-01 -2.193632897688382599e-01 1.872463626641275754e-03 2.582252265507031552e+01 2.193707590682436592e-01 -9.755854418867699884e-01 1.047244800603778538e-02 1.522856649623543035e+01 -4.705700377870269415e-04 1.062811758009906370e-02 9.999436172450995031e-01 -3.560472405199774926e-01
0014411 014903 -9.785610818101023733e-01 -2.059477917204672603e-01 1.965292649015149343e-03 2.492541129048504445e+01 2.059564734595970004e-01 -9.784888859537296257e-01 1.190444721993229142e-02 1.556865648139751102e+01 -5.287251505774157338e-04 1.205399236960956987e-02 9.999274162249666142e-01 -3.867161453043630459e-01
0014412 014904 -9.808690827286015157e-01 -1.946611465852232103e-01 1.664552020154938181e-03 2.409837474590585771e+01 1.946671563560758711e-01 -9.807991707753626054e-01 1.173520810343314617e-02 1.584043106531987632e+01 -6.518455773042202339e-04 1.183473595149613436e-02 9.999299626037350119e-01 -3.848433338637189394e-01
0014413 014905 -9.830148714798576659e-01 -1.835211611137866072e-01 1.324452924601016244e-03 2.320297272681636969e+01 1.835240162327273772e-01 -9.829462044267937015e-01 1.165523039083788716e-02 1.609554463278209369e+01 -8.371630380377944117e-04 1.170033297557649017e-02 9.999314063400565056e-01 -3.843503794160434417e-01
0014414 014906 -9.847109405887973788e-01 -1.741946514238106036e-01 1.020663490970533105e-03 2.237492183764197762e+01 1.741943559980917433e-01 -9.846397109803771697e-01 1.189803358375464935e-02 1.629975622233143895e+01 -1.067634991381752330e-03 1.189391584384171148e-02 9.999289029737080670e-01 -3.837007884503336186e-01
0014415 014907 -9.863089678736574051e-01 -1.649061343670295832e-01 7.483392497710007491e-04 2.147741642814116858e+01 1.649027870755558622e-01 -9.862333433996000043e-01 1.228738975936442476e-02 1.649288706855713826e+01 -1.288276388253440773e-03 1.224256521361133908e-02 9.999244351434978251e-01 -3.910313093826800479e-01
0014416 014908 -9.875877556213203956e-01 -1.570656542407693201e-01 1.020339318048111166e-03 2.064779110859080902e+01 1.570663396451369154e-01 -9.875130539060007484e-01 1.218660894144082442e-02 1.664681635123679371e+01 -9.065466066500700668e-04 1.219560536699330726e-02 9.999254279335496598e-01 -4.015942302762756100e-01
0014417 014909 -9.887676123587266774e-01 -1.494534824148971430e-01 1.398473554612259667e-03 1.974766884767859665e+01 1.494593452877914508e-01 -9.886889614225655709e-01 1.243806547260369912e-02 1.678991965080331283e+01 -4.763267309862672912e-04 1.250737328910584041e-02 9.999212820217989739e-01 -4.346277307593968686e-01
0014418 014910 -9.897281394722506898e-01 -1.429570190674488428e-01 1.201334809365112557e-03 1.891321912469902600e+01 1.429605494128689258e-01 -9.896442851138094188e-01 1.290574993515244441e-02 1.690092033083772094e+01 -6.561211901550803366e-04 1.294492668100984296e-02 9.999162036733177938e-01 -4.273713309263227345e-01
0014419 014911 -9.906492910882845893e-01 -1.364273191940452157e-01 1.330912750638492403e-03 1.800229176626589833e+01 1.364329490852541904e-01 -9.905587555326591520e-01 1.336302140953395980e-02 1.700892958246367925e+01 -5.048031556063291032e-04 1.341964860815225008e-02 9.999094407873169166e-01 -4.561698726617535726e-01
0014420 014912 -9.913306013021028207e-01 -1.313849078626208589e-01 1.235573430966384768e-03 1.716638644424892846e+01 1.313893012043971520e-01 -9.912303132139521633e-01 1.407700233224967908e-02 1.708409033176201319e+01 -6.248377290471478955e-04 1.411730580095322922e-02 9.998997663790964996e-01 -4.732875900377724321e-01
0014421 014913 -9.920165044097672968e-01 -1.261055735912829656e-01 9.731110535319611185e-04 1.624927871068530294e+01 1.261073796319527041e-01 -9.919269708511401218e-01 1.330716457463177599e-02 1.715474167038377118e+01 -7.129217709719084259e-04 1.332364367758216879e-02 9.999105979398879018e-01 -4.609266708453527706e-01
0014423 014914 -9.926327008076704095e-01 -1.211541765215023575e-01 1.358433089681621323e-03 1.539061341351862211e+01 1.211616280633714404e-01 -9.925461848217497218e-01 1.306699971905553662e-02 1.721656389591618108e+01 -2.348835247195976814e-04 1.313532280814207719e-02 9.999133160528225206e-01 -4.699023367007333363e-01
0014424 014915 -9.933005272641267647e-01 -1.155459916916277280e-01 1.699051617891302176e-03 1.444228402794851718e+01 1.155584280422289056e-01 -9.932124184371682318e-01 1.319076205648254604e-02 1.728250290568172431e+01 1.633101563813826765e-04 1.329873275820155076e-02 9.999111702846169569e-01 -4.823247271378869883e-01
0014425 014916 -9.939125649799063211e-01 -1.101533028506832546e-01 2.029942383808178239e-03 1.355299765443942306e+01 1.101702911328641121e-01 -9.938318269438601860e-01 1.264182979137018319e-02 1.734069099573332551e+01 6.248136212791755625e-04 1.278851393168426581e-02 9.999176440674328870e-01 -4.827136138557062139e-01
0014426 014917 -9.945597415699856114e-01 -1.041484200711344649e-01 2.092161146022956247e-03 1.257287690867860874e+01 1.041669141136872950e-01 -9.944751854134225022e-01 1.294829908968095009e-02 1.740076237352610633e+01 7.319894309086828147e-04 1.309579115569273894e-02 9.999135941966736940e-01 -4.925263311197198846e-01
0014427 014918 -9.951100662307269529e-01 -9.875466192866944048e-02 1.842137724728203866e-03 1.166181817103097274e+01 9.877031239688534303e-02 -9.950252361077940311e-01 1.301054953571466333e-02 1.744666188637620508e+01 5.480730093690475797e-04 1.312887674193848053e-02 9.999138703329220057e-01 -4.772292861901714645e-01
0014428 014919 -9.957032753460602903e-01 -9.257663742151447939e-02 2.169422579206254417e-03 1.066253378036981303e+01 9.259762471631420577e-02 -9.956114540093273790e-01 1.355781886632874932e-02 1.749682322183747374e+01 9.047167576709463444e-04 1.370044660484077449e-02 9.999059431320812541e-01 -4.972850256521628154e-01
0014429 014920 -9.962313261255137942e-01 -8.671970062002334889e-02 1.647410150387453769e-03 9.731791886478731612e+00 8.673414758978455208e-02 -9.961375737821700493e-01 1.368016543319345441e-02 1.753900690847586930e+01 4.546591207699955651e-04 1.377149559897299438e-02 9.999052730470113781e-01 -5.029489997957856673e-01
0014430 014921 -9.968047608760425282e-01 -7.987725013164680143e-02 4.765306963080367486e-04 8.707919933150151337e+00 7.987646001147830077e-02 -9.967152682362229177e-01 1.337567590620051400e-02 1.758233211694107467e+01 -5.934939115040751851e-04 1.337099911493737185e-02 9.999106360932107362e-01 -4.942083443868448001e-01
0014431 014922 -9.973172802838815576e-01 -7.317858302288132721e-02 -1.905504859432931644e-03 7.752000275177124422e+00 7.314924465749016169e-02 -9.972430243037613273e-01 1.249730245152792102e-02 1.761846382608646877e+01 -2.814832154558469506e-03 1.232438765330223611e-02 9.999202980457636558e-01 -4.692626998907485358e-01
0014432 014923 -9.978132918146005448e-01 -6.595042625850457141e-02 -4.374759020476057247e-03 6.713167471839369682e+00 6.589126925458656248e-02 -9.977484143961652396e-01 1.251223212113046664e-02 1.765104648977043666e+01 -5.190142705695720629e-03 1.219661222565716907e-02 9.999123569020477165e-01 -4.623129841353001979e-01
0014433 014924 -9.981959368086635864e-01 -5.982055018988968742e-02 -5.128823672708926126e-03 5.763807280088713014e+00 5.974520122967248020e-02 -9.981188136208204442e-01 1.376327190938345275e-02 1.767279439829036392e+01 -5.942548712523185173e-03 1.343201856381783833e-02 9.998923359376676867e-01 -4.901084468253671389e-01
0014434 014925 -9.985624652619629060e-01 -5.342236980312150413e-02 -4.348826345372308090e-03 4.740421744444574870e+00 5.335663957023380199e-02 -9.984768364206028091e-01 1.403875868260449390e-02 1.768689987248117745e+01 -5.092233454524680743e-03 1.378653794645896997e-02 9.998922026475753899e-01 -5.082789853755400600e-01
0014435 014926 -9.988479602437352334e-01 -4.785809787670906174e-02 -3.489400527601137399e-03 3.801304372586400859e+00 4.780375643734886826e-02 -9.987547332250773513e-01 1.427433562805130278e-02 1.769144747538092588e+01 -4.168245501983147000e-03 1.409108393795225657e-02 9.998922358820345746e-01 -5.236926513144410933e-01
0014436 014927 -9.990866475251456436e-01 -4.259121472278477871e-02 -3.459859990009785113e-03 2.796363575458599371e+00 4.253877342976009057e-02 -9.989964278949116094e-01 1.403043784463472651e-02 1.768771405951014231e+01 -4.054007681562723890e-03 1.387044362298703488e-02 9.998957906401485518e-01 -5.284712890680811626e-01
0014437 014928 -9.992764815826022939e-01 -3.785144391675111103e-02 -3.736060880757453330e-03 1.870416743214718736e+00 3.779454290374660574e-02 -9.991836961986942933e-01 1.427733996928638380e-02 1.767970606640841424e+01 -4.273475235792793814e-03 1.412580586629097988e-02 9.998913017779239576e-01 -5.408479623663122737e-01
0014438 014929 -9.994453692166346270e-01 -3.304335344805250235e-02 -4.135765623722800419e-03 8.750147298878800939e-01 3.297781693335160441e-02 -9.993432920193574542e-01 1.502046387486256386e-02 1.766603584921124082e+01 -4.629422920015153695e-03 1.487574336781663509e-02 9.998788411914096841e-01 -5.669166936031171389e-01
0014439 014930 -9.995645894584899160e-01 -2.918325826516978902e-02 -4.369244131942485142e-03 -3.520886272644929704e-02 2.911312131614867543e-02 -9.994586028918894804e-01 1.533626273354825667e-02 1.764875754160217980e+01 -4.814486992398868577e-03 1.520238133254410429e-02 9.998730542967371182e-01 -5.790610270193052855e-01
0014440 014931 -9.996638332217617773e-01 -2.559292825456912709e-02 -4.169167144901137628e-03 -1.007850483935726515e+00 2.552257807411868404e-02 -9.995442178172999625e-01 1.613277382155658621e-02 1.762670625906612543e+01 -4.580197952329345852e-03 1.602094088981368195e-02 9.998613741980089120e-01 -6.021067849897203672e-01
0014441 014932 -9.997322503704690888e-01 -2.272640488591620711e-02 -4.323844828676321438e-03 -1.897634782593286218e+00 2.265355067036736031e-02 -9.996118865392891184e-01 1.621119919397708345e-02 1.760326118018789288e+01 -4.690637047808481237e-03 1.610890772598479875e-02 9.998594487885170690e-01 -6.105519260715119856e-01
0014442 014933 -9.997885495493903374e-01 -2.001166391328053351e-02 -4.750908601682700058e-03 -2.853265013974123576e+00 1.993104325745549341e-02 -9.996661922883443019e-01 1.644967055370755160e-02 1.757630890032596227e+01 -5.078553822828522739e-03 1.635149984877990251e-02 9.998536158689507181e-01 -6.248293010079635224e-01
0014443 014934 -9.998305444281708754e-01 -1.771520515457373698e-02 -5.000295722220232490e-03 -3.730052661932404590e+00 1.762998234312413565e-02 -9.997067951133241648e-01 1.660148073839275845e-02 1.754956206086053783e+01 -5.292975269660678446e-03 1.651051126121284157e-02 9.998498906491097848e-01 -6.392613078362163748e-01
0014444 014935 -9.998694389119577863e-01 -1.536203056724011300e-02 -5.038524461953966353e-03 -4.677611734234687901e+00 1.527603861236667346e-02 -9.997443474084143356e-01 1.668258496128069424e-02 1.751899775826528938e+01 -5.293559979207449265e-03 1.660343598945583643e-02 9.998483487980863726e-01 -6.507321629324085421e-01
0014445 014936 -9.999037067741941565e-01 -1.323741588851403035e-02 -4.158692269257825529e-03 -5.551251522268557892e+00 1.316331263044892043e-02 -9.997625756705413869e-01 1.736717608094209830e-02 1.748972054792184849e+01 -4.387648687883743959e-03 1.731076043059155342e-02 9.998407385299984407e-01 -6.634927833683459397e-01
0014446 014937 -9.999315428808586148e-01 -1.113166627157980218e-02 -3.632318348242882279e-03 -6.494678515303348831e+00 1.107068477088746575e-02 -9.998038031071150300e-01 1.639878893350757427e-02 1.745799246928786275e+01 -3.814223592855146318e-03 1.635745423163665821e-02 9.998585487118333281e-01 -6.660551775614980130e-01
0014449 014939 9.998263064187773441e-01 -1.197918865915662164e-02 -1.427954197502295450e-02 3.274290016717986873e+01 1.197523217983172822e-02 9.999277154137425905e-01 -3.630330410816656490e-04 6.484375654268461631e-01 1.428280372355672859e-02 1.919714703021046154e-04 9.998975919131106727e-01 -2.204984366565767573e-01
0014450 014940 9.998329361207215493e-01 -1.155229018009586162e-02 -1.416818447610546094e-02 3.192840315920511784e+01 1.154848617612255421e-02 9.999327613315066587e-01 -3.507488975765501505e-04 6.164990377435373148e-01 1.417122815262923489e-02 1.870719559248732193e-04 9.998991803989085714e-01 -2.308845640680488032e-01
0014451 014941 9.998314432287958020e-01 -1.118128007630543597e-02 -1.456696647127773796e-02 3.104371655320210266e+01 1.118765867541848813e-02 9.999368813152087476e-01 3.560201674356038167e-04 5.866248290222557671e-01 1.456201044787671511e-02 -5.189271728090341998e-04 9.998934484171125847e-01 -2.252957242922519754e-01
0014452 014942 9.998291620122078394e-01 -1.084939678508489193e-02 -1.496826810396713163e-02 3.022826336804655512e+01 1.085381399977392199e-02 9.999405909477913079e-01 2.134792920012115204e-04 5.584261952255076267e-01 1.496500757449947122e-02 -3.759026198178814344e-04 9.998875620890922411e-01 -2.211137183176390408e-01
0014453 014943 9.998280957368910205e-01 -1.080260898549276032e-02 -1.507563860205047949e-02 2.934464991362528963e+01 1.079270288889750892e-02 9.999410426146144726e-01 -7.387166480423298064e-04 5.359204850011280996e-01 1.508267359800523170e-02 5.758864416262610142e-04 9.998856989119188077e-01 -2.266717145246985865e-01
0014454 014944 9.998348000075621966e-01 -1.047470152096168124e-02 -1.485970686000436490e-02 2.852890556490910967e+01 1.047446933343333143e-02 9.999446778905535238e-01 -9.386522719250781825e-05 5.089984890879648560e-01 1.485981209127381665e-02 -6.179440089982401053e-05 9.998891997413613675e-01 -2.421196565241530152e-01
0014455 014945 9.998485637001406356e-01 -1.009745212120198750e-02 -1.417689060181362426e-02 2.764462227357535085e+01 1.010086374790490280e-02 9.999484796078782489e-01 1.686483883502501804e-04 4.800212652105315669e-01 1.417440165055912360e-02 -3.118188794132817267e-04 9.998991042946705488e-01 -2.693648170208220449e-01
0014456 014946 9.998481779270244063e-01 -1.008817002954014684e-02 -1.421309732236558827e-02 2.682489086993473393e+01 1.008150945312613275e-02 9.999491909064457396e-01 -5.401662266772681202e-04 4.631487006904535519e-01 1.421777175825978193e-02 3.967958907164713086e-04 9.998990509348431033e-01 -2.609093915899620697e-01
0014457 014947 9.998362340170530160e-01 -9.868710606427464824e-03 -1.517269740139458659e-02 2.593595719980885406e+01 9.854273504229703329e-03 9.999510430211382417e-01 -1.025964408404134815e-03 4.371288003825029023e-01 1.518202748031097227e-02 8.762809538544068157e-04 9.998845696416730489e-01 -2.440489950706279387e-01
0014458 014948 9.998282027910996295e-01 -9.754621345726958992e-03 -1.576049362839267512e-02 2.511493843269499848e+01 9.728064906613499360e-03 9.999511968061941536e-01 -1.760768806103746699e-03 4.152322402466950280e-01 1.577684971573490788e-02 1.607146403410766649e-03 9.998744533437783355e-01 -2.357585158667632186e-01
0014459 014949 9.998298666802241108e-01 -9.676945954153344173e-03 -1.570513252494876513e-02 2.422581814244267662e+01 9.649020456948572202e-03 9.999518341427406920e-01 -1.852896439083889834e-03 3.936401661042339128e-01 1.572225488366141982e-02 1.701042013968929361e-03 9.998751579721297800e-01 -2.475160677181094115e-01
0014460 014950 9.998407754651039703e-01 -9.706794935184167444e-03 -1.497539059854384284e-02 2.340435146568370328e+01 9.680230430905866282e-03 9.999515483806394878e-01 -1.845326464634422080e-03 3.766457924188273410e-01 1.499252578684859109e-02 1.700067432139258823e-03 9.998863677396055971e-01 -2.715373715365672069e-01
0014461 014951 9.998544818914840704e-01 -9.837653990779994528e-03 -1.394266541268869390e-02 2.251346035937467605e+01 9.813029768712578857e-03 9.999503268814246004e-01 -1.833398999211267085e-03 3.606476062192456311e-01 1.395995648844489644e-02 1.696313336153057721e-03 9.999013234843241449e-01 -3.016939983504869360e-01
0014462 014952 9.998522682403061523e-01 -1.002368282281133199e-02 -1.396838672188537196e-02 2.168914318985662248e+01 9.996312404197802218e-03 9.999481289657248251e-01 -2.027877325452563748e-03 3.470532866593956101e-01 1.398793646537929529e-02 1.887946158804761380e-03 9.999005889879264419e-01 -3.074647161906227666e-01
0014463 014953 9.998639487483247379e-01 -1.047424134472909121e-02 -1.273415605076449672e-02 2.079143976489194756e+01 1.043180222104791131e-02 9.999399860903500636e-01 -3.394324719541635688e-03 3.401836155383861637e-01 1.276895420535108239e-02 3.261022149888208755e-03 9.999133095994463538e-01 -3.007331803816768456e-01
0014464 014954 9.998554860637792752e-01 -1.068605830535157043e-02 -1.322550350171835740e-02 1.996966782641493410e+01 1.066050161524186891e-02 9.999412972861810855e-01 -2.001345335235266056e-03 3.243472573413015425e-01 1.324606208446570642e-02 1.860065969114698152e-03 9.999107443324245503e-01 -3.353487219595052693e-01
0014465 014955 9.998590152309148049e-01 -1.098371357398868903e-02 -1.270373474603663996e-02 1.907472036284571004e+01 1.096058548149451452e-02 9.999382612794924796e-01 -1.888737111567764934e-03 3.116938906476036664e-01 1.272364470436691992e-02 1.749230669895618416e-03 9.999177284893795425e-01 -3.524690018825538118e-01
0014466 014956 9.998523947150749214e-01 -1.135341330443045103e-02 -1.290209940439835529e-02 1.824762354986751234e+01 1.133124223593017649e-02 9.999343600983736646e-01 -1.790180816729133699e-03 3.010491878899017593e-01 1.292152462272410686e-02 1.643720730671501375e-03 9.999153699496019509e-01 -3.568814714982408987e-01
0014467 014957 9.998434795032581368e-01 -1.161680832539142665e-02 -1.335161030048950294e-02 1.735108232205902823e+01 1.159430591049619326e-02 9.999314072787027774e-01 -1.761510366629267729e-03 2.866504576386432745e-01 1.337110456253193941e-02 1.606433196164214639e-03 9.999095196911765848e-01 -3.581000069442339395e-01
0014468 014958 9.998328779238984110e-01 -1.205908211838040839e-02 -1.374617232010561310e-02 1.652245266355066633e+01 1.202609483344971135e-02 9.999247655175403926e-01 -2.479853213697222857e-03 2.756893248500347227e-01 1.377499021480104065e-02 2.314126811785627985e-03 9.999026497871650321e-01 -3.590066292356155486e-01
0014469 014959 9.998205886222377714e-01 -1.244219990335328381e-02 -1.428520499750773366e-02 1.562494649965901772e+01 1.241009495446602703e-02 9.999203860025651647e-01 -2.333845311138617665e-03 2.625078734689623161e-01 1.431305424304705164e-02 2.156146042610225522e-03 9.998954455528460405e-01 -3.583186510333646879e-01
0014470 014960 9.998162916225995511e-01 -1.271135463324083587e-02 -1.434828113088009241e-02 1.479665870502412872e+01 1.268086659925328485e-02 9.999172536558808000e-01 -2.213806701178079161e-03 2.499469948315606871e-01 1.437518295509994555e-02 2.031451442656036915e-03 9.998948153863292942e-01 -3.636135040749053360e-01
0014471 014961 9.998224977086210830e-01 -1.316272594387099537e-02 -1.347969463778492770e-02 1.390130275252477077e+01 1.313704398464194019e-02 9.999117898292895212e-01 -1.991971690664765329e-03 2.379485844792981197e-01 1.350467543104871652e-02 1.814534233411155880e-03 9.999073686130133254e-01 -3.840772083330747932e-01
0014472 014962 9.998237561644166549e-01 -1.360321088619195241e-02 -1.294633447656317118e-02 1.307494899306448133e+01 1.357825584340932763e-02 9.999059586110550235e-01 -2.013484277606687918e-03 2.261707910030708035e-01 1.297245392047888940e-02 1.837341881133788477e-03 9.999143734785886917e-01 -3.975966412943208184e-01
0014473 014963 9.998275784531449606e-01 -1.415342694435806417e-02 -1.202332240979320059e-02 1.218013104583769746e+01 1.413301735347959574e-02 9.998986469937777288e-01 -1.780723769314603890e-03 2.145062111729316712e-01 1.204725640893761565e-02 1.610491077579580266e-03 9.999263396323987418e-01 -4.156930645680176895e-01
0014474 014964 9.998277866505405065e-01 -1.461059962084242103e-02 -1.144675982263678761e-02 1.135598948754386583e+01 1.460604289837178806e-02 9.998927227450322697e-01 -4.823102596715174786e-04 2.019994295450686650e-01 1.145252042272756725e-02 3.150381592933831324e-04 9.999339830749791602e-01 -4.438905404713224812e-01
0014475 014965 9.998260742141071855e-01 -1.506254317572281246e-02 -1.100837556042635716e-02 1.046309281546746206e+01 1.506414600486566217e-02 9.998861116084754030e-01 6.191489133410339903e-05 1.887838704201101336e-01 1.100612882019630194e-02 -2.277320080463905608e-04 9.999390197927000568e-01 -4.583143276246630649e-01
0014476 014966 9.998134491812987745e-01 -1.539857444043361834e-02 -1.167000692586293679e-02 9.638412426031209179e+00 1.540606331560221733e-02 9.998807492891644833e-01 5.513424246893172632e-04 1.752821557831509836e-01 1.166006564133215129e-02 -7.310243988643167238e-04 9.999313668597408222e-01 -4.568929164823316569e-01
0014477 014967 9.997899245021432124e-01 -1.576548190785635392e-02 -1.309936159453760698e-02 8.745684872887977690e+00 1.577259764380873827e-02 9.998749892068106160e-01 4.393935013918866131e-04 1.598690254667047839e-01 1.309074085208304997e-02 -6.459097788822451168e-04 9.999137188202378290e-01 -4.510193456504509868e-01
0014479 014968 9.997589986891904923e-01 -1.607451587746845309e-02 -1.495934671211033434e-02 7.923364354134719179e+00 1.608232660308711245e-02 9.998701666518774456e-01 4.013651998616921276e-04 1.448548902764486002e-01 1.495089596906181567e-02 -6.418453037769647831e-04 9.998876378527836728e-01 -4.468833101834519539e-01
0014480 014969 9.997475744439557888e-01 -1.635632360542985456e-02 -1.540941981511442446e-02 7.035170680477222049e+00 1.637117381034800326e-02 9.998651910978875179e-01 8.374547392414550054e-04 1.283900125896337840e-01 1.539358894809614645e-02 -1.089509625994210251e-03 9.998805328234990908e-01 -4.555944699224596661e-01
0014481 014970 9.997521831435833839e-01 -1.670332104201741052e-02 -1.472061758959684191e-02 6.217080293537492253e+00 1.671030100463023402e-02 9.998598367259210473e-01 3.506422073974851126e-04 1.128925351485321471e-01 1.471264183136927056e-02 -5.965380877684897144e-04 9.998912000391813049e-01 -4.662745596032777939e-01
0014482 014971 9.997646065068156451e-01 -1.678521606539194397e-02 -1.375121831685829736e-02 5.333582428284898924e+00 1.679249227681862619e-02 9.998584272442478937e-01 4.131430769419321939e-04 9.400914587853037574e-02 1.374228058243559883e-02 -6.439600445276711087e-04 9.999049778607244088e-01 -4.802544928712464412e-01
0014483 014972 9.997735567934038503e-01 -1.672123945840329681e-02 -1.316319957332112364e-02 4.516851488385327684e+00 1.672392060964232943e-02 9.998602337841381305e-01 9.370076430316966382e-05 7.842403359100558191e-02 1.315974232495381070e-02 -3.138197668309637028e-04 9.999135649340051835e-01 -4.761168398520112532e-01
0014484 014973 9.997744417165590480e-01 -1.670701336447867960e-02 -1.311570965333672123e-02 3.634623417759030417e+00 1.670680741032257166e-02 9.998605393876841552e-01 -1.252049361201218382e-04 5.895851009141495069e-02 1.311592107058122229e-02 -9.394448092593784758e-05 9.999141855363983256e-01 -4.850315603051811308e-01
0014485 014974 9.997760536642558149e-01 -1.657340988805819024e-02 -1.316108039205300499e-02 2.822305659182802628e+00 1.657753787736285234e-02 9.998626623911361921e-01 2.046831005786542293e-04 4.111087199049734409e-02 1.315582970441731524e-02 -4.228153448241122941e-04 9.999135762721079734e-01 -4.951773018061516041e-01
0014486 014975 9.997872515533866578e-01 -1.646991538719184273e-02 -1.242394313706754634e-02 1.944544079437491746e+00 1.647708667550281184e-02 9.998642866079185954e-01 4.751461065721966181e-04 2.210292238545719101e-02 1.241437937560866192e-02 -6.797542003856027210e-04 9.999229149508496173e-01 -5.058582438776895174e-01
0014487 014976 9.998082229890481454e-01 -1.624479798817915488e-02 -1.094321994818696180e-02 1.137324697859185108e+00 1.625782849891093534e-02 9.998673651874946389e-01 1.102915156315648461e-03 4.535572425595546520e-03 1.092380064708080994e-02 -1.280615635347620790e-03 9.999397209221859706e-01 -5.169638972037517988e-01
0014488 014977 9.998277522883944890e-01 -1.595260350497672633e-02 -9.490278185396555308e-03 2.641860527505741629e-01 1.596765730974136072e-02 9.998714828169611435e-01 1.512680282626198674e-03 -1.429143112483188816e-02 9.464877007606944601e-03 -1.663956501273103177e-03 9.999540301302186629e-01 -5.241854542872275147e-01
0014489 014978 9.998336784370205343e-01 -1.563591899751754985e-02 -9.393000568808502343e-03 -5.407749096925726917e-01 1.564992883522146189e-02 9.998766472110274250e-01 1.419967887538594979e-03 -3.172109034763082036e-02 9.369589019179317205e-03 -1.566730723407803614e-03 9.999550845853865111e-01 -5.289439253337775426e-01
0014490 014979 9.998189799830061730e-01 -1.531810553361796258e-02 -1.128139231110627388e-02 -1.416578540312002588e+00 1.532804248817940147e-02 9.998824234042545944e-01 7.952743836693178898e-04 -4.751780889792200924e-02 1.126789220967974910e-02 -9.680522502653734823e-04 9.999362002844193187e-01 -5.180219664775123078e-01
0014491 014980 9.997807150472410864e-01 -1.492962804621901680e-02 -1.468832596696542821e-02 -2.214747065148458205e+00 1.495135120349417972e-02 9.998874181609762601e-01 1.370296124071275186e-03 -6.835965822722300800e-02 1.466616213275393626e-02 -1.589604925557415319e-03 9.998913897677256246e-01 -5.592147116392141015e-01
0014492 014981 9.997829890048289814e-01 -1.449447948593025719e-02 -1.495544898815293414e-02 -3.083387288944777538e+00 1.451276932483204496e-02 9.998942199147522469e-01 1.115424232127782550e-03 -8.216892661052099811e-02 1.493770781092407761e-02 -1.332228622064849039e-03 9.998876923226620583e-01 -5.536409024691124614e-01
0014493 014982 9.997899623726478335e-01 -1.422382655813688931e-02 -1.475473685766801220e-02 -3.872711931941466901e+00 1.424529589327544997e-02 9.998976874089055000e-01 1.351054480720600666e-03 -1.028362835872229653e-01 1.473395952787220908e-02 -1.560956676452309160e-03 9.998904381577492506e-01 -5.832903936314295379e-01
