0015051 016069 -9.991860128002020280e-01 4.033927144877087062e-02 -5.373561599920766716e-04 1.544467464093711442e+02 -4.033851852212363975e-02 -9.991851873013486429e-01 -1.357059021553629410e-03 4.078811659705934289e+00 -5.916375836998671953e-04 -1.334218321348766252e-03 9.999993454923622460e-01 5.718220739508197425e-01
0015052 016070 -9.991963115340771751e-01 4.006230766278128658e-02 -1.431793997004120753e-03 1.537288520894151134e+02 -4.006019474275532288e-02 -9.991962473385664900e-01 -1.479875825532800176e-03 4.021347187008302626e+00 -1.489906226976904762e-03 -1.421269260262636707e-03 9.999982906426909679e-01 7.040965421383376110e-01
0015053 016071 -9.991947645212827522e-01 4.007385264907988021e-02 -2.047834429065488113e-03 1.530038106889935534e+02 -4.007364278377666122e-02 -9.991967816978387651e-01 -1.468711337739395410e-04 4.012529590226847631e+00 -2.052050989098453022e-03 -6.462983806404252779e-05 9.999983030757683133e-01 7.872719109666874715e-01
0015054 016072 -9.991751627459460883e-01 4.058269772286806493e-02 -1.545891155765080063e-03 1.522108251951956390e+02 -4.058192731338559900e-02 -9.991761698822811955e-01 -5.310486688400440063e-04 4.074430883589229779e+00 -1.566144545016315932e-03 -4.678170759870389642e-04 9.999990747839788696e-01 7.070676511826619048e-01
0015055 016073 -9.991507073914268622e-01 4.120325742960052884e-02 -6.962230587254562928e-04 1.514710457834667068e+02 -4.120219459156054115e-02 -9.991498084924663736e-01 -1.486968928993563687e-03 4.151567833934734608e+00 -7.568750207235903308e-04 -1.456961061365301402e-03 9.999990627766570661e-01 5.779020470060984849e-01
0015056 016074 -9.991118314661643351e-01 4.212884982696262631e-02 9.737531111648986288e-04 1.506610724212996502e+02 -4.213111856538477584e-02 -9.991091711445125867e-01 -2.432214538580708494e-03 4.273353626160712793e+00 8.704422943628577908e-04 -2.471019323076177002e-03 9.999969787383438113e-01 3.258186677480381377e-01
0015057 016075 -9.990578629210892236e-01 4.335952917276240937e-02 1.895943516339897465e-03 1.499024423006112556e+02 -4.336315502753226164e-02 -9.990575979346258961e-01 -1.911120439607417185e-03 4.445192569356720469e+00 1.811314351114259261e-03 -1.991474073828220902e-03 9.999967871786697993e-01 1.825022079021749732e-01
0015058 016076 -9.989718359949109061e-01 4.529533012064775044e-02 1.965809810413426690e-03 1.490684080565160912e+02 -4.529642033606815638e-02 -9.989735118744416109e-01 -5.098964465574775447e-04 4.721279915221089141e+00 1.940718894463487783e-03 -5.983571003968033829e-04 9.999983484729308980e-01 1.624459173004595414e-01
0015059 016077 -9.989042575035407268e-01 4.677804432830057202e-02 1.562576241575287317e-03 1.482924580194355713e+02 -4.677899932139611971e-02 -9.989051904516037528e-01 -5.754707062780439883e-04 4.927378948888076593e+00 1.533969441478000902e-03 -6.478772590119810703e-04 9.999990242724959844e-01 2.164531511577365563e-01
0015060 016078 -9.988086200542392046e-01 4.879134596393529255e-02 9.892612100970783664e-04 1.474418614012884063e+02 -4.879257331554339577e-02 -9.988081906596923965e-01 -1.248802774834204855e-03 5.206596521565415969e+00 9.271744910143575472e-04 -1.295523765206620971e-03 9.999991416006892564e-01 2.981395044569694619e-01
0015061 016079 -9.987072763335854697e-01 5.081491450524073389e-02 1.376612138952049234e-03 1.465855770277230476e+02 -5.081615019026630709e-02 -9.987077027240497396e-01 -8.722012574477034210e-04 5.487817706044495480e+00 1.330535440922765190e-03 -9.409685646516918658e-04 9.999990827775111502e-01 2.343997997656472876e-01
0015062 016080 -9.986231091352434364e-01 5.245111878290358715e-02 1.029259989813103475e-03 1.457888337093856990e+02 -5.245123854077839154e-02 -9.986235512407992676e-01 -8.200335523824046967e-05 5.712813379026272287e+00 1.023565409133541000e-03 -1.358176388620811748e-04 9.999998776262964961e-01 2.769131417319385946e-01
0015063 016081 -9.985270113383004631e-01 5.424862952919231457e-02 -1.099968347203677263e-03 1.449825980803159382e+02 -5.424801373164508250e-02 -9.985273980799744820e-01 -5.893750228548209555e-04 5.957094847604196275e+00 -1.130297197017664929e-03 -5.287770494513461443e-04 9.999996320312245501e-01 5.831222972822800443e-01
0015064 016082 -9.984400973364384591e-01 5.574327112325799805e-02 -3.304614522514030730e-03 1.441084259856017979e+02 -5.573877499621715526e-02 -9.984447071835280685e-01 -1.439518765956047811e-03 6.161977070315572291e+00 -3.379719474901596993e-03 -1.253042017377642512e-03 9.999934938552236252e-01 8.552187958311705529e-01
0015065 016083 -9.983655861695606148e-01 5.700314984143611818e-02 -4.217679978645516407e-03 1.432995796115339999e+02 -5.699958367404384801e-02 -9.983741623571333879e-01 -9.627097747465278516e-04 6.328268615581862377e+00 -4.265700649025314269e-03 -7.206957974007369497e-04 9.999906323720083590e-01 9.743997824827559384e-01
0015066 016084 -9.982847856105454554e-01 5.844749199034581649e-02 -3.511914815525645373e-03 1.424232538438209303e+02 -5.844440372057420341e-02 -9.982905927849140548e-01 -9.777469786462511005e-04 6.515776082668764957e+00 -3.563058982201806023e-03 -7.707831919268748203e-04 9.999933454399829724e-01 8.669457608834534312e-01
0015067 016085 -9.982002833949267240e-01 5.994248343046185146e-02 -1.995076658585899498e-03 1.416127875628012589e+02 -5.993559494400482052e-02 -9.981969864389049762e-01 -3.353248572589265578e-03 6.705138759726082753e+00 -2.192482445796259220e-03 -3.227601706870499281e-03 9.999923778919713735e-01 6.636841803594748512e-01
0015068 016086 -9.981225859783759979e-01 6.121780438351390186e-02 -2.167646140919502699e-03 1.407315786492731604e+02 -6.121060574654682562e-02 -9.981200251580856220e-01 -3.247798924045011606e-03 6.866519549125484900e+00 -2.362394178806380592e-03 -3.108983833563911964e-03 9.999923667597121479e-01 6.805092532999879040e-01
0015069 016087 -9.980712192987964970e-01 6.203109669445602825e-02 -2.624739227498835807e-03 1.399185375886149814e+02 -6.202538801255613743e-02 -9.980725155870506793e-01 -2.205909240118839997e-03 6.966957262647383686e+00 -2.756515863548701477e-03 -2.038818423925314524e-03 9.999941125624206562e-01 7.296989881835997949e-01
0015070 016088 -9.980175278497431801e-01 6.283145167284394372e-02 -3.755607976442045491e-03 1.390347602172107599e+02 -6.283095110114621240e-02 -9.980245214145982979e-01 -2.532254107745111828e-04 7.066047935571646121e+00 -3.764100365927374597e-03 -1.671919267376499775e-05 9.999929058412385663e-01 8.642166700958711090e-01
0015071 016089 -9.979659082627544420e-01 6.364929820075408695e-02 -3.698970289266242245e-03 1.381523484245306008e+02 -6.365151424839406158e-02 -9.979724333701085470e-01 4.823181906887826615e-04 7.162706403618017248e+00 -3.660772177628125821e-03 7.168180655918885086e-04 9.999930326922971124e-01 8.424712303782655454e-01
0015072 016090 -9.979431541186851717e-01 6.405579762717342196e-02 -2.679144381965471895e-03 1.373409068168589329e+02 -6.405675873595098602e-02 -9.979465796735847993e-01 2.715582809901951732e-04 7.201118732454858673e+00 -2.656249037935049916e-03 4.426529928027871140e-04 9.999963644366979265e-01 6.964418440762401019e-01
0015073 016091 -9.979270516379546985e-01 6.436110258073063362e-02 -4.740652793125542277e-04 1.365303263253520072e+02 -6.436169857709313213e-02 -9.979261360202937858e-01 1.353312920065830992e-03 7.227767462585404701e+00 -3.859818837891534362e-04 1.381053952684769756e-03 9.999989621316173194e-01 3.802559749278699996e-01
0015074 016092 -9.979391293595543111e-01 6.407603484819436590e-02 3.554734614736417518e-03 1.356557008050187960e+02 -6.406545550155902380e-02 -9.979415091952362760e-01 3.016252165430135385e-03 7.172662933609728952e+00 3.740686511558651787e-03 2.782335863712686805e-03 9.999891232083384374e-01 -1.836859955000491595e-01
0015075 016093 -9.979276326577096734e-01 6.391111011392143493e-02 7.534620223589765312e-03 1.348439389026905246e+02 -6.387933046020072281e-02 -9.979483972970848438e-01 4.386769999663631819e-03 7.133864928445916576e+00 7.799525381094038132e-03 3.896407569435816377e-03 9.999619823775275362e-01 -7.346979451048092358e-01
0015076 016094 -9.979226448892088985e-01 6.390565329068333134e-02 8.210318189452356016e-03 1.339563446378042499e+02 -6.386972839233115429e-02 -9.979481974684942802e-01 4.566809079974036741e-03 7.114502799959041113e+00 8.485317120668117025e-03 4.032966528622905673e-03 9.999558567171730195e-01 -8.304103273789174011e-01
0015077 016095 -9.979310866064265984e-01 6.400441313888560746e-02 6.153975154994129407e-03 1.331317436901208566e+02 -6.398287507310330968e-02 -9.979447442845944538e-01 3.636590476566175720e-03 7.110007864927524679e+00 6.374085044513881117e-03 3.235353032885170121e-03 9.999744417986481393e-01 -5.552155958747029274e-01
0015078 016096 -9.979204938347626674e-01 6.446291299692148702e-02 -1.499205651186803138e-04 1.322282531334531086e+02 -6.446308630721349353e-02 -9.979163971798314936e-01 2.834129096287378580e-03 7.152856315427072786e+00 3.308745607551376403e-05 2.837936208763707380e-03 9.999959628303989323e-01 2.736803838242707343e-01
0015079 016097 -9.978867355296272557e-01 6.475460583808143045e-02 -5.456381533859238665e-03 1.313902591365394983e+02 -6.476553070911390819e-02 -9.978991602410314243e-01 1.848267319380901726e-03 7.173865084018927973e+00 -5.325235859840749160e-03 2.197782791686162061e-03 9.999833959877345579e-01 9.657371762695845518e-01
0015080 016098 -9.978274387995149652e-01 6.547752768438938609e-02 -7.353783138223859463e-03 1.304847479812915481e+02 -6.549248140994068379e-02 -9.978518412039059093e-01 1.810072678206007656e-03 7.249325243372425120e+00 -7.219467783575754874e-03 2.287791809256655134e-03 9.999713125798281865e-01 1.201951358928887714e+00
0015082 016099 -9.978150163925387783e-01 6.590779939626695283e-02 -4.718793595272136043e-03 1.296604281231927871e+02 -6.591706349457011893e-02 -9.978238055658432692e-01 1.833533910767545403e-03 7.287093766555415186e+00 -4.587681315090681548e-03 2.140611965774044667e-03 9.999871757141022277e-01 8.516540850572198451e-01
0015083 016100 -9.978029699746858716e-01 6.625769459161977293e-02 -3.333233398871083197e-04 1.287684387230981429e+02 -6.625811050213040176e-02 -9.978019205814918635e-01 1.416421767132490734e-03 7.311714590353631138e+00 -2.387423144645249345e-04 1.435430115855009740e-03 9.999989315500700249e-01 2.862802140520628313e-01
0015084 016101 -9.977784131391528311e-01 6.660347316512635341e-02 1.798906133143526008e-03 1.279394590912152125e+02 -6.660326114207061610e-02 -9.977799603012088570e-01 1.817612649038306252e-04 7.335417749404882670e+00 1.807018220581628346e-03 6.157914764643937370e-05 9.999983556771301352e-01 1.952792785703394429e-02
0015085 016102 -9.977882390474683838e-01 6.647342171974204850e-02 8.831829584912187286e-04 1.270392473660363066e+02 -6.647419508014747180e-02 -9.977881288246933655e-01 -8.679931367911873814e-04 7.297810434024086135e+00 8.235303717428594204e-04 -9.247463703839766888e-04 9.999992235120109818e-01 1.354927913438217502e-01
0015086 016103 -9.977949526416088899e-01 6.637672090155621873e-02 -5.073170658206240923e-04 1.262066498277010851e+02 -6.637664096029004257e-02 -9.977949972517490274e-01 -1.875428228311776387e-04 7.269028617856235996e+00 -5.186475525242091210e-04 -1.534196662138087998e-04 9.999998439536708084e-01 2.952827296440077021e-01
0015087 016104 -9.977887553070545756e-01 6.647037082798197549e-02 -2.635342367600303107e-04 1.253046509926773524e+02 -6.647043645063047124e-02 -9.977886898988879150e-01 2.178248561961603641e-04 7.261570922016062468e+00 -2.484735040000306521e-04 2.348970297291090646e-04 9.999999317712694458e-01 2.533301655621826853e-01
0015088 016105 -9.977826428591287655e-01 6.655179441640289573e-02 1.230979516065242073e-03 1.244723457087800398e+02 -6.655240005159117345e-02 -9.977831876542451184e-01 -4.513927024599966964e-04 7.252101958742798615e+00 1.198209082300055869e-03 -5.322805764576047337e-04 9.999991306909871147e-01 6.495259568154665430e-02
0015089 016106 -9.977833052663895863e-01 6.649489794671042953e-02 2.789763364289648152e-03 1.235699628998966091e+02 -6.649535504918957507e-02 -9.977871004114567954e-01 -6.861270313649610287e-05 7.225149757615724866e+00 2.779027129019206229e-03 -2.539312385050184070e-04 9.999960964739431635e-01 -1.377077298479889578e-01
0015090 016107 -9.978016858003656564e-01 6.623101742675523151e-02 2.505166432943701799e-03 1.227361093538502246e+02 -6.623124232920096777e-02 -9.978047436331902720e-01 -3.828157365498594370e-06 7.174769793993618805e+00 2.499413260016511602e-03 -1.697052782139237166e-04 9.999968522865755327e-01 -1.097049324499224099e-01
0015091 016108 -9.977911060446634783e-01 6.642285462422292674e-02 1.383220178377124162e-03 1.218277053810604684e+02 -6.642265698833600684e-02 -9.977919870731342122e-01 1.938093619153821582e-04 7.178601566083898433e+00 1.393039125153855157e-03 1.015388958705410567e-04 9.999990147979089805e-01 1.704984555397714985e-02
0015092 016109 -9.977658707957729467e-01 6.679640914658660500e-02 1.538998175445363071e-03 1.209191581496252184e+02 -6.679614402361148950e-02 -9.977669773457995550e-01 2.279730445233326872e-04 7.203694413688594977e+00 1.550788823411982471e-03 1.247003887159847159e-04 9.999987799802001476e-01 -1.183522334119402331e-02
0015093 016110 -9.977541243570671181e-01 6.693824981326586265e-02 2.516435580346885591e-03 1.200827277254893488e+02 -6.693440808642557582e-02 -9.977562187749633438e-01 1.584563997103305508e-03 7.195119044346711235e+00 2.616880062213282516e-03 1.412626670629710127e-03 9.999959890250130767e-01 -1.095668857662843720e-01
0015094 016111 -9.977337320936566778e-01 6.721911593370502591e-02 3.135939429673624719e-03 1.192481304332063701e+02 -6.721680533400677116e-02 -9.977383911643966652e-01 8.389676528249990616e-04 7.217856698276250427e+00 3.185241494931938862e-03 6.263143303773131745e-04 9.999947212192646928e-01 -2.215097278749951215e-01
0015095 016112 -9.977221331441300523e-01 6.737754329997951153e-02 3.422346102935277645e-03 1.183432489521428579e+02 -6.737368752026279273e-02 -9.977274303689310786e-01 1.232001124965447208e-03 7.217352757191179080e+00 3.497577528500735340e-03 9.986541803616889867e-04 9.999933750639068419e-01 -2.656596144797660486e-01
0015096 016113 -9.977087118970361379e-01 6.758041839607920043e-02 3.235129485986718099e-03 1.175054899937199480e+02 -6.757151082243015305e-02 -9.977105794756969681e-01 2.790481054172409651e-03 7.215696606669098401e+00 3.416327358604222091e-03 2.565542422458544792e-03 9.999912842139332403e-01 -2.262706737543993540e-01
0015097 016114 -9.977041472103534980e-01 6.768015582396083585e-02 2.463399213340781036e-03 1.166692576118714442e+02 -6.767427704580714076e-02 -9.977046225026249271e-01 2.399817615275105440e-03 7.208229661353982465e+00 2.620187603655156194e-03 2.227657293431806271e-03 9.999944969295704311e-01 -1.417484215035571538e-01
0015098 016115 -9.976975731736600350e-01 6.781413445637078652e-02 1.256559480922596426e-03 1.157638922123542216e+02 -6.781245922933422376e-02 -9.976975107444939761e-01 1.336745227880058650e-03 7.210497413698192304e+00 1.344315922157265052e-03 1.248493478116808556e-03 9.999983073055629390e-01 -3.896843230260316204e-02
0015099 016116 -9.976935413549112841e-01 6.784938358952598281e-02 2.088035874904011022e-03 1.148590433770266372e+02 -6.784368625575093459e-02 -9.976924031465550513e-01 2.692133069601093751e-03 7.187678187015762887e+00 2.265900032380002271e-03 2.544321113403167495e-03 9.999946069253004000e-01 -1.176926840716987499e-01
0015100 016117 -9.976887215874981063e-01 6.785294022060989194e-02 3.671716480622644330e-03 1.140267667873904429e+02 -6.784296313233274811e-02 -9.976922068574648472e-01 2.779278896316462934e-03 7.169163926971521050e+00 3.851847576558612742e-03 2.523812582384704108e-03 9.999898076781394973e-01 -3.071211300380660703e-01
0015101 016118 -9.977100553467355137e-01 6.746832428139071247e-02 4.783728892225461160e-03 1.131276585782143229e+02 -6.745658360676688725e-02 -9.977189121761252943e-01 2.576532134630483278e-03 7.104754840928364956e+00 4.946673205823085527e-03 2.247996091742446908e-03 9.999856492823506748e-01 -4.385654820850888314e-01
0015102 016119 -9.977496190771000251e-01 6.693474066363806763e-02 4.043767878845960610e-03 1.122292256465250375e+02 -6.693170553104461906e-02 -9.977575540696889123e-01 8.832768558892541144e-04 7.030800118750960337e+00 4.093821641911615968e-03 6.106682842652977989e-04 9.999914240707677981e-01 -3.856597752107511212e-01
0015103 016120 -9.977760194341644961e-01 6.662202567499805883e-02 2.213769493822637276e-03 1.113956524706700293e+02 -6.661795934266918906e-02 -9.977769228874279195e-01 1.866319029558338163e-03 6.969764860147108720e+00 2.333209053140587134e-03 1.714748719519635593e-03 9.999962187114387335e-01 -1.623519512269240295e-01
0015104 016121 -9.978110002092647202e-01 6.612825890539537899e-02 -7.770233053826758026e-04 1.105633528062915047e+02 -6.612977809565796783e-02 -9.978088876164095122e-01 2.112359055740229124e-03 6.897841712938998171e+00 -6.356101531439839252e-04 2.159176590647023542e-03 9.999978777643504513e-01 1.568274440154269200e-01
0015105 016122 -9.978398050937143937e-01 6.562940884640361405e-02 -3.076808785583392061e-03 1.096640427782976985e+02 -6.563386222375086620e-02 -9.978432475707803562e-01 1.366812103360834883e-03 6.829916757132366456e+00 -2.980470441136413243e-03 1.565837085717404573e-03 9.999943227499744625e-01 3.698909199256164015e-01
0015106 016123 -9.978658039293788473e-01 6.523063917589036476e-02 -3.024893904065933514e-03 1.088352055153000038e+02 -6.523765720739711782e-02 -9.978672481407979689e-01 2.279301259042086896e-03 6.760443344225677720e+00 -2.869737502408272346e-03 2.471830548695239365e-03 9.999932380598228754e-01 3.816617220987410519e-01
0015107 016124 -9.979036852633441645e-01 6.469016037555054555e-02 -1.905769710858215039e-03 1.079421644569536056e+02 -6.469332376648807836e-02 -9.979038692012774936e-01 1.642799542630044973e-03 6.679319666397191213e+00 -1.795477986285727752e-03 1.762705085286835798e-03 9.999972452924178468e-01 2.570662956753650974e-01
0015108 016125 -9.979308025925865966e-01 6.429767657417101434e-02 -4.686745620346991414e-04 1.071184712241670240e+02 -6.429826787248618669e-02 -9.979298737376137707e-01 1.356750585872863995e-03 6.616749456134414231e+00 -3.804446374157221113e-04 1.384136147675822312e-03 9.999993804626010618e-01 9.930154782660594037e-02
0015109 016126 -9.979785976595790808e-01 6.355055766306223763e-02 5.910717677173371641e-04 1.062275106340864568e+02 -6.354948994725352629e-02 -9.979773314534301498e-01 1.689856460531898854e-03 6.517787356945518695e+00 6.972910026545568610e-04 1.648936065109738933e-03 9.999988081860713418e-01 -2.352214400548291451e-02
0015110 016127 -9.980251473048313837e-01 6.280553116857758023e-02 1.283659348244369685e-03 1.054065115051532757e+02 -6.280343847410639613e-02 -9.980247167739297875e-01 1.616553753623641747e-03 6.420655498366159009e+00 1.382675622253873955e-03 1.532800281102491289e-03 9.999982801649485165e-01 -1.047834620625138768e-01
0015111 016128 -9.980932407295652897e-01 6.168095769673290207e-02 2.363758556197072432e-03 1.045215170437800225e+02 -6.167873662198716106e-02 -9.980955926567073311e-01 1.004865162665324538e-03 6.281574479625760432e+00 2.421260822891505536e-03 8.572141336465339666e-04 9.999971121168138577e-01 -2.225562454865084305e-01
0015112 016129 -9.981826361510705015e-01 6.025300981219346153e-02 1.145553570064645555e-03 1.036381460646282449e+02 -6.025158945234719565e-02 -9.981825262602160853e-01 1.243374964974110382e-03 6.113074943501942471e+00 1.218411940861505866e-03 1.172151834234528862e-03 9.999989815397928306e-01 -1.060837930870306423e-01
0015113 016130 -9.982615745539002994e-01 5.893836392276526753e-02 6.830152478214139219e-04 1.028261250492439558e+02 -5.893668351159532526e-02 -9.982592397191677458e-01 2.273558754763129776e-03 5.960775590017135528e+00 8.158496172892224516e-04 2.229408568138060032e-03 9.999975928877558040e-01 -7.328593108678660428e-02
0015114 016131 -9.983528093453895025e-01 5.735187436922453003e-02 1.640271058727907306e-03 1.020200685763327328e+02 -5.734333328426188120e-02 -9.983427635981091397e-01 4.854998224321668138e-03 5.784086513243380523e+00 1.916019107005688740e-03 4.752999228188893935e-03 9.999872798454875200e-01 -1.955686150650208788e-01
0015115 016132 -9.984303825418021638e-01 5.597985442568730041e-02 1.803899702847123901e-03 1.011471993467680477e+02 -5.596480364317979461e-02 -9.984043794059140886e-01 7.530279624603407156e-03 5.628743690578289716e+00 2.222588581392746180e-03 7.417560900115845700e-03 9.999704306519289210e-01 -2.353262901871460144e-01
0015116 016133 -9.984951239729694672e-01 5.484368082847534270e-02 1.752217785773192693e-04 1.003417968085691427e+02 -5.484087517351859953e-02 -9.984675617122774627e-01 7.431108252900426800e-03 5.497187398440985362e+00 5.825258673456989219e-04 7.410370134783866684e-03 9.999727842764526420e-01 -7.681487258464159140e-02
0015117 016134 -9.985330396661522556e-01 5.402345022312288192e-02 -3.672957365650105378e-03 9.946660371745292650e+01 -5.404618626583890251e-02 -9.985179806213848597e-01 6.399160829053856907e-03 5.396620730063943938e+00 -3.321784403046272940e-03 6.588338961907442594e-03 9.999731903743617201e-01 3.017914545833022544e-01
0015118 016135 -9.985068599725294147e-01 5.431939155603570518e-02 -5.804620482874028008e-03 9.859161931507060217e+01 -5.435770884179313978e-02 -9.984993611081898202e-01 6.659325504420097498e-03 5.407978786334240340e+00 -5.434153846724762947e-03 6.964964363414634027e-03 9.999613898042598592e-01 4.972778738646681518e-01
0015119 016136 -9.984773049196412620e-01 5.486744208410133938e-02 -5.731659608376246141e-03 9.779065481875431942e+01 -5.491981351031668956e-02 -9.984463887569564600e-01 9.417063402275983180e-03 5.451159179667456556e+00 -5.206039021703715193e-03 9.717561211257537065e-03 9.999396423375213061e-01 4.655160735749248602e-01
0015120 016137 -9.984273240874712574e-01 5.600626930684753091e-02 -2.539858170962693094e-03 9.692984317919922432e+01 -5.603011339254218570e-02 -9.983732952235274682e-01 1.055964381246917751e-02 5.543864045534917295e+00 -1.944295832980372576e-03 1.068539927414934899e-02 9.999414304794126407e-01 1.411728714294966380e-01
0015121 016138 -9.983305163284319494e-01 5.761835095562777703e-02 4.074673118866192073e-03 9.613844951965438668e+01 -5.758365395865368275e-02 -9.983072787850060248e-01 8.175537589101328564e-03 5.671929654697407841e+00 4.538859043201524945e-03 7.927308890942216801e-03 9.999586886354967508e-01 -4.890815121946729960e-01
0015122 016139 -9.982433169089326430e-01 5.857412315371817585e-02 8.920236288548670858e-03 9.528265626089364559e+01 -5.848439214293817828e-02 -9.982381741312437162e-01 1.000920586330289463e-02 5.740808549013820539e+00 9.490822182660252695e-03 9.469982751687864783e-03 9.999105292607043394e-01 -9.657678259727902059e-01
0015123 016140 -9.982652945068597461e-01 5.840920204092913542e-02 7.419922963694685486e-03 9.449820445729187668e+01 -5.830349354939801804e-02 -9.982043578108411586e-01 1.374383302506404676e-02 5.713874887470865360e+00 8.209386901355890040e-03 1.328743634280078745e-02 9.998784291843808569e-01 -8.448846491391606151e-01
0015124 016141 -9.982402261725330517e-01 5.914240975700608971e-02 4.339648936546250044e-03 9.371073528870329028e+01 -5.907886118893044408e-02 -9.981614195411232515e-01 1.354684045303375557e-02 5.769705241041435784e+00 5.132885959310993715e-03 1.326667278343142409e-02 9.998992308686041053e-01 -5.648427340889838888e-01
0015125 016142 -9.981888411084108848e-01 6.015342853547201579e-02 9.158462182927325224e-04 9.286000346572677699e+01 -6.013778934246939711e-02 -9.981152495512225498e-01 1.222591804312769641e-02 5.844956371981197663e+00 1.649574646028370128e-03 1.214875157725386554e-02 9.999252519518440074e-01 -2.584100948618228699e-01
0015126 016143 -9.981342184690192854e-01 6.076274395099067610e-02 6.020989822044621638e-03 9.202405294189293272e+01 -6.069147111993409421e-02 -9.980916698700879053e-01 1.138804366909982983e-02 5.872771229102568213e+00 6.701490236285741892e-03 1.100142676950299075e-02 9.999174373385473213e-01 -7.326580687859625129e-01
0015127 016144 -9.981263758808318620e-01 6.045949108163684721e-02 9.418711664215878229e-03 9.125882108669429726e+01 -6.038006007631688266e-02 -9.981393343085466219e-01 8.502040418591382681e-03 5.821317482537835986e+00 9.915235839973359638e-03 7.917463094730309986e-03 9.999199090604091733e-01 -1.027815594481268135e+00
0015128 016145 -9.981629406052164866e-01 5.991778654133735060e-02 8.992654812359756819e-03 9.049669860441417768e+01 -5.986251003277251459e-02 -9.981868294260971552e-01 6.296130301641810964e-03 5.752119469307331201e+00 9.353620595490236972e-03 5.746297037480866537e-03 9.999401543365903366e-01 -9.780246506982201993e-01
0015129 016146 -9.982155639929881641e-01 5.954356545308762960e-02 4.526439483039559029e-03 8.967190198462549233e+01 -5.952815658861019404e-02 -9.982206435149008072e-01 3.467772834127345796e-03 5.698103023837916226e+00 4.724891107484087763e-03 3.192191734612028365e-03 9.999841534984490465e-01 -5.697452682146284531e-01
0015130 016147 -9.982268218199589205e-01 5.952488839553073813e-02 8.878543283987811374e-04 8.891497034773442465e+01 -5.952209253799298910e-02 -9.982223083673207320e-01 2.939375411794304532e-03 5.685803281408141174e+00 1.061258393045757219e-03 2.881291712350868197e-03 9.999953819901428176e-01 -3.173026772844806942e-01
0015131 016148 -9.982228775529766729e-01 5.957566036417373534e-02 1.441938164282802453e-03 8.809339169630266042e+01 -5.957038423228912249e-02 -9.982181386052854100e-01 3.465791412788241273e-03 5.663704082992182975e+00 1.645868789917059698e-03 3.373792922918011569e-03 9.999933652047882093e-01 -3.198108500643428442e-01
0015132 016149 -9.982013275272831887e-01 5.979252514328428636e-02 4.397521282081818562e-03 8.728022691908154229e+01 -5.979160235066843104e-02 -9.982109318800286291e-01 3.429999293977288350e-04 5.658125844809660521e+00 4.410184969293894433e-03 7.950634643278718205e-05 9.999906827135439658e-01 -5.663425803944477366e-01
0015133 016150 -9.981962230736300956e-01 5.981033251910840981e-02 5.275482757738655416e-03 8.653520137785176303e+01 -5.982204917780518938e-02 -9.982065400946787959e-01 -2.083287701585402260e-03 5.645592795245761408e+00 5.141438670610574795e-03 -2.395139756018560377e-03 9.999840105734398854e-01 -6.896600776554500101e-01
0015134 016151 -9.982243432127307914e-01 5.939849730069489409e-02 4.543974622928674892e-03 8.572695574428234977e+01 -5.940429158699260526e-02 -9.982329407916388231e-01 -1.141260080801124966e-03 5.593642906813215632e+00 4.468174612167568477e-03 -1.409185314141658948e-03 9.999891209541253989e-01 -6.387268753938109001e-01
0015135 016152 -9.982195676209484336e-01 5.953041675236541569e-02 3.815783300110398447e-03 8.498024129367809110e+01 -5.953041752602357406e-02 -9.982261054698043923e-01 1.247571007340008645e-04 5.591059495553167835e+00 3.816459618547951918e-03 -1.026417282292239343e-04 9.999928081949287506e-01 -5.922167889022595944e-01
0015136 016153 -9.981955001779693193e-01 6.001496963824964198e-02 2.039350698470581823e-03 8.416639614172822803e+01 -6.001293127262325583e-02 -9.981970746722819143e-01 1.050474684788637713e-03 5.608110716056614820e+00 2.098740928354207724e-03 9.262505857117579473e-04 9.999977794473400294e-01 -3.992176305220667132e-01
0015137 016154 -9.981746427063619143e-01 6.039579957185373105e-02 -6.075157213350794363e-04 8.342339025950127507e+01 -6.039465829397212132e-02 -9.981725094150214472e-01 -1.809339930080295202e-03 5.627255457028979890e+00 -7.156670256996365553e-04 -1.769366031398535979e-03 9.999982747066463729e-01 -2.266735471063796581e-01
0015138 016155 -9.981596154015572875e-01 6.063284101870491244e-02 -1.118962221231906747e-03 8.267608689521875931e+01 -6.063036850575020953e-02 -9.981580372849229166e-01 -2.132091615040630425e-03 5.621998962999384730e+00 -1.246152376641980562e-03 -2.060264167645162962e-03 9.999975117225826660e-01 -1.326753350133813569e-01
0015139 016156 -9.981491792789874973e-01 6.076136145508760633e-02 -2.550461457533480681e-03 8.187367981077977674e+01 -6.075420998934846772e-02 -9.981488760900674162e-01 -2.796899021432427274e-03 5.615054875281316527e+00 -2.715659573218697376e-03 -2.636710553907990664e-03 9.999932468995811341e-01 -2.162375318731335483e-02
0015140 016157 -9.981532518918235786e-01 6.073441434955281770e-02 -1.436280270229368028e-03 8.114161895622805787e+01 -6.072762941424457439e-02 -9.981442641355858791e-01 -4.397413123320217075e-03 5.604594403516159673e+00 -1.700674938857644732e-03 -4.302087736168966510e-03 9.999893959732230053e-01 -1.637797736864996523e-01
0015141 016158 -9.981591847884452307e-01 6.064253965377881112e-02 1.004299702614279421e-03 8.034033752047162125e+01 -6.064436044460365383e-02 -9.981577216308872291e-01 -1.884740079267918167e-03 5.578414368343885599e+00 8.881773717387439308e-04 -1.942116020825435585e-03 9.999981302430003272e-01 -3.212298306174190543e-01
0015142 016159 -9.981893370251773145e-01 6.013846372373261168e-02 1.427366898629432376e-03 7.954584116025353069e+01 -6.014079290802896993e-02 -9.981881611398305543e-01 -1.616387785140723649e-03 5.531697609325135545e+00 1.327589991277742512e-03 -1.699323584274944161e-03 9.999977710563880962e-01 -4.136453013765404307e-01
0015143 016160 -9.982095520165108482e-01 5.976622132352828187e-02 2.438420672543541862e-03 7.880246511389532316e+01 -5.976685793840796207e-02 -9.982123964644359360e-01 -1.855324166397301204e-04 5.483180780540351407e+00 2.422995920470567225e-03 -3.308778569479778396e-04 9.999974205135268024e-01 -4.504472095228564399e-01
0015144 016161 -9.982137815992652152e-01 5.973221604138764795e-02 1.244858577117241528e-03 7.805771574940786195e+01 -5.973296219429768267e-02 -9.982142753304775740e-01 -5.640709884858248349e-04 5.464787669597399145e+00 1.208965445802724810e-03 -6.373630965274577420e-04 9.999994767500220982e-01 -3.617607290121966912e-01
0015145 016162 -9.982557950467064734e-01 5.902022673788259732e-02 1.534200708560330955e-03 7.725380104706505335e+01 -5.902199217358335831e-02 -9.982561557249142181e-01 -1.126346259531869811e-03 5.393240657232524882e+00 1.465071572181934727e-03 -1.214874572140986399e-03 9.999985994647612175e-01 -3.861846844263183698e-01
0015146 016163 -9.982848212982400327e-01 5.852414031327004412e-02 1.618271292717018278e-03 7.650981397732948608e+01 -5.852804699361384422e-02 -9.982827531262784548e-01 -2.476748995653899575e-03 5.339282906045923482e+00 1.470565776622935516e-03 -2.567155135636100226e-03 9.999960341244703566e-01 -3.898527725313485348e-01
0015147 016164 -9.983296787454561949e-01 5.771860624398275630e-02 2.595621764760870295e-03 7.570599382778596009e+01 -5.772738046250635441e-02 -9.983265421820415320e-01 -3.439561218942438665e-03 5.262031772961336173e+00 2.392774416238771171e-03 -3.583594210016911256e-03 9.999911267214017796e-01 -4.626496074612482801e-01
0015148 016165 -9.983641518839905249e-01 5.700682328401388693e-02 4.422111822748062658e-03 7.496531480858243413e+01 -5.702332291926714286e-02 -9.983660783728869337e-01 -3.697382978986366291e-03 5.195660758597512086e+00 4.204132712053610700e-03 -3.943437593301586837e-03 9.999837976889985880e-01 -6.038288958359601111e-01
0015149 016166 -9.983921217042706076e-01 5.630346936822645115e-02 6.585637423953635307e-03 7.416126521087039691e+01 -5.632318301735009941e-02 -9.984085954531413121e-01 -2.845905641311697893e-03 5.129419348738849749e+00 6.414944116927844692e-03 -3.212193556862374261e-03 9.999746754565075335e-01 -7.728654518480766455e-01
0015150 016167 -9.984094782599930440e-01 5.585678332324162804e-02 7.677666279903579138e-03 7.341822576063032102e+01 -5.589274774256739603e-02 -9.984265344238888451e-01 -4.551161168558975553e-03 5.080479061038261079e+00 7.411394223054507124e-03 -4.972987243391392871e-03 9.999605800873837547e-01 -8.468996324897055672e-01
0015151 016168 -9.984490857871697322e-01 5.533311637659617255e-02 6.158410065670048839e-03 7.261388748690797001e+01 -5.536982259772826875e-02 -9.984481940025390356e-01 -5.957120940153599713e-03 5.023408809856903190e+00 5.819248781153321670e-03 -6.288810243554435013e-03 9.999637033650521367e-01 -7.348102859629364048e-01
0015152 016169 -9.985006470867107131e-01 5.461784147159201575e-02 3.680496277428043327e-03 7.181114441630893452e+01 -5.463858384574769855e-02 -9.984894272520858927e-01 -5.790468671127733252e-03 4.954505832890674810e+00 3.358695486688766628e-03 -5.982821883814631869e-03 9.999768726158659859e-01 -5.671196103527123000e-01
0015153 016170 -9.985425191848188442e-01 5.389364676561735762e-02 2.923215441503724914e-03 7.107299275653394943e+01 -5.390614059581712303e-02 -9.985364595861958570e-01 -4.375320321368432117e-03 4.890168115195706378e+00 2.683157559871513550e-03 -4.526461451951828245e-03 9.999865662762972285e-01 -5.281609183465150181e-01
0015154 016171 -9.985570971218098446e-01 5.360444960542154469e-02 3.246511043454287145e-03 7.033472674880545128e+01 -5.361576875414585802e-02 -9.985555425742697055e-01 -3.503464407875923978e-03 4.856557943239806718e+00 3.054042701443263150e-03 -3.672412756228341565e-03 9.999890035667821087e-01 -5.605463586821208821e-01
0015155 016172 -9.985700561639420103e-01 5.340217287892747022e-02 2.505849946625062288e-03 6.953495059024953662e+01 -5.340637151066115335e-02 -9.985715565235588898e-01 -1.636337713296818607e-03 4.828040519234775729e+00 2.414909060812956906e-03 -1.767766222888436482e-03 9.999959322240389303e-01 -5.226959504381554211e-01
0015156 016173 -9.985520595002915778e-01 5.376655803212456591e-02 1.789083233898943739e-03 6.879604809417105571e+01 -5.377331437418791937e-02 -9.985453443192457978e-01 -3.965928426830823798e-03 4.835750570888990296e+00 1.573269276963642745e-03 -4.056330054890823142e-03 9.999909459307441129e-01 -4.683939178425475802e-01
0015157 016174 -9.984989074581768209e-01 5.477103586973088023e-02 5.272189414883817014e-04 6.799390888559014456e+01 -5.477293545573808792e-02 -9.984875452262355067e-01 -4.754331897182385337e-03 4.885568548007313439e+00 2.660447355604339081e-04 -4.776010956429084173e-03 9.999889697955016699e-01 -3.873482975986988208e-01
0015158 016175 -9.984629887280545013e-01 5.539638500807003013e-02 1.796815893530720335e-03 6.719800480129129028e+01 -5.540304731405440442e-02 -9.984565674601142415e-01 -3.893156702385036898e-03 4.913356894167009159e+00 1.578399138834989156e-03 -3.986661521764076239e-03 9.999912180312353627e-01 -4.850371574420080378e-01
0015159 016176 -9.984362419980021830e-01 5.574109924026945245e-02 4.272886927031846298e-03 6.646693926732518776e+01 -5.575401352221816959e-02 -9.984401882703608511e-01 -2.963276031828468177e-03 4.924542980698959127e+00 4.101067870386682773e-03 -3.196812382317884213e-03 9.999868913064265952e-01 -6.595778059530346127e-01
0015160 016177 -9.983672855875158625e-01 5.674304409359964135e-02 6.581782143935815954e-03 6.573110715588882158e+01 -5.676425191252517516e-02 -9.983829458463336914e-01 -3.080045155091753681e-03 4.974876680024635789e+00 6.396389557801254559e-03 -3.448565968169853106e-03 9.999740070721988561e-01 -8.130470214290568265e-01
0015161 016178 -9.983156857764534653e-01 5.741337845277792035e-02 8.356984184169455321e-03 6.493131489997927019e+01 -5.744908092981344111e-02 -9.983401309946183799e-01 -4.095550662946982785e-03 5.000178009059141004e+00 8.107994420316358419e-03 -4.568692618120075155e-03 9.999571033972447509e-01 -9.248796057127144365e-01
0015162 016179 -9.982889400892522858e-01 5.797377682044210084e-02 7.646374020794850269e-03 6.412598670125839817e+01 -5.801204589979773452e-02 -9.983039920810379275e-01 -4.880539567546833893e-03 5.017600490323729900e+00 7.350483296517672065e-03 -5.315709192864002605e-03 9.999592664954836119e-01 -8.800230677297307125e-01
0015163 016180 -9.982695394884572027e-01 5.847403860555112909e-02 6.242797324936127934e-03 6.337705459099038308e+01 -5.850191823649161793e-02 -9.982777421430488740e-01 -4.379292932457298781e-03 5.032825672349588331e+00 5.975992146345861927e-03 -4.736869308128924608e-03 9.999713349030091569e-01 -7.985940451188149325e-01
0015164 016181 -9.982621195397350933e-01 5.870456018895307826e-02 5.180661494385611909e-03 6.262474729038035548e+01 -5.872677123486271661e-02 -9.982651611107568046e-01 -4.242910232573534994e-03 5.030654561224878307e+00 4.922617855510603990e-03 -4.539719269347849799e-03 9.999779896647559285e-01 -7.375147395253485172e-01
0015165 016182 -9.982619744094304304e-01 5.879539435292324701e-02 4.136701997280570198e-03 6.180779544209826781e+01 -5.881694704337846191e-02 -9.982551596962856433e-01 -5.295216568752056895e-03 5.024873843432033027e+00 3.818149932675900769e-03 -5.529285868070098545e-03 9.999774141612211009e-01 -6.954918084437480275e-01
0015166 016183 -9.982621910216329386e-01 5.875205946360744641e-02 4.596222142811062956e-03 6.104866175457868849e+01 -5.877342739825901219e-02 -9.982605642935638013e-01 -4.658937761834550453e-03 4.997976964585518544e+00 4.314527536906557700e-03 -4.920916179521481887e-03 9.999789949775198528e-01 -7.097691208657366246e-01
0015167 016184 -9.982699865043914711e-01 5.862851307283840907e-02 4.547795634944800172e-03 6.022449063852332074e+01 -5.865646909760646038e-02 -9.982588965485552635e-01 -6.277043903492233665e-03 4.978772804285995335e+00 4.171863752334439152e-03 -6.532906336927326967e-03 9.999699479125573331e-01 -7.255540666640740710e-01
0015168 016185 -9.982606650168021067e-01 5.880880553394877280e-02 4.253924541228028613e-03 5.939354651627627391e+01 -5.883606964484765917e-02 -9.982462690690235840e-01 -6.594411658630594184e-03 4.970407460020680901e+00 3.858654701239078947e-03 -6.833190084353028305e-03 9.999691986823476819e-01 -7.096000445690187064e-01
0015169 016186 -9.982674876231759642e-01 5.874329698100317493e-02 3.476207881624343663e-03 5.868887249817748852e+01 -5.876602867484001513e-02 -9.982486794303926381e-01 -6.842511691709399733e-03 4.950423190108381277e+00 3.068167354563659799e-03 -7.034903792687146294e-03 9.999705377957331942e-01 -6.668941902301241953e-01
0015170 016187 -9.982728674963352589e-01 5.871897597383220896e-02 2.089106973171859800e-03 5.785321425676170293e+01 -5.873183102740690137e-02 -9.982514824016655020e-01 -6.738446480758987674e-03 4.930511706373238212e+00 1.689779767500020763e-03 -6.849469793130064620e-03 9.999751044050885218e-01 -5.953590899007394910e-01
0015171 016188 -9.982668786332292710e-01 5.885294436920113226e-02 7.282021043604912282e-04 5.701251006265624710e+01 -5.885641689077947963e-02 -9.982463005857798999e-01 -6.407973711412929402e-03 4.920311894080157344e+00 3.497968271175448478e-04 -6.439691661636074045e-03 9.999791938091455723e-01 -5.249779622351553598e-01
0015172 016189 -9.982484846990287153e-01 5.915198465543451689e-02 -1.397295355135453384e-03 5.616645311244792538e+01 -5.914112776959735279e-02 -9.982266104032906373e-01 -6.838458872859279163e-03 4.918626706121244752e+00 -1.799326169832775411e-03 -6.743807950936262126e-03 9.999756314545653613e-01 -4.073700017777497351e-01
0015173 016190 -9.981981766317813420e-01 5.980579163748489524e-02 -4.945585805796193397e-03 5.537851292956406724e+01 -5.976950326310820349e-02 -9.981866543221159516e-01 -7.187308210827002448e-03 4.936671875591855496e+00 -5.366462794059647691e-03 -6.878725684059811864e-03 9.999619313782387442e-01 -2.151115187966752273e-01
0015174 016191 -9.981597253787755086e-01 6.015913216238260447e-02 -7.681732452787825606e-03 5.452406821200202103e+01 -6.010110917717371992e-02 -9.981639702936522252e-01 -7.574240005314912018e-03 4.936945542127318731e+00 -8.123288735938673927e-03 -7.098585509541220119e-03 9.999417994791993669e-01 -7.134957732340296843e-02
0015175 016192 -9.981333127569077535e-01 6.057536239060748451e-02 -7.840499643140871194e-03 5.373549836534903079e+01 -6.051977762950964262e-02 -9.981418434825826136e-01 -7.143617262872139530e-03 4.944560890345940152e+00 -8.258658591673571567e-03 -6.655741822771773196e-03 9.999437362999190615e-01 -7.333982747879730368e-02
