0015873 016929 9.958301293276867749e-01 -8.865184366808566419e-02 -2.153483454216055179e-02 4.537653446292074477e+01 8.884043264938955298e-02 9.960142432959647740e-01 7.962171976286519168e-03 9.960581613805743473e-01 2.074315290062360428e-02 -9.842072001053487479e-03 9.997368034435331063e-01 -6.418748485315406427e-02
0015874 016930 9.957675410804734950e-01 -9.053669702570911471e-02 -1.583197342131056201e-02 4.422047089812986087e+01 9.068282817888118075e-02 9.958414249463779511e-01 8.767467217748398448e-03 1.056459896445176128e+00 1.497237230746355577e-02 -1.016598403597704543e-02 9.998366374315930116e-01 -3.251666672216115828e-01
0015875 016931 9.957521199402720180e-01 -9.120256773003801443e-02 -1.265907668059631196e-02 4.315513307988931047e+01 9.133033341606587585e-02 9.957714971694140438e-01 9.908955718094428211e-03 1.066099222409263803e+00 1.170184318665760601e-02 -1.102295726315431594e-02 9.998711825821547938e-01 -4.731171044847872764e-01
0015876 016932 9.956702891985259596e-01 -9.176550381802003886e-02 -1.483176311293101131e-02 4.200101366498233801e+01 9.194634654336179824e-02 9.956915984496582661e-01 1.200712512325763717e-02 1.071621591613165947e+00 1.366604249134180729e-02 -1.331879902754619718e-02 9.998183180364365041e-01 -3.974104063292163147e-01
0015877 016933 9.955867737438802711e-01 -9.217216976992242961e-02 -1.764300712478648198e-02 4.093915748218023509e+01 9.241475786801875425e-02 9.956294799513639715e-01 1.346504314690423303e-02 1.071424582854660912e+00 1.632481914823177491e-02 -1.503602726823921251e-02 9.997540888507775447e-01 -3.006524293524204250e-01
0015878 016934 9.955576359966702427e-01 -9.230070721599464845e-02 -1.859563657874312159e-02 3.979397921034092178e+01 9.256382182746088205e-02 9.956108591723600298e-01 1.382130370062066398e-02 1.054546134165036619e+00 1.723832086524868662e-02 -1.548112140959707027e-02 9.997319616742071924e-01 -2.782847033360092981e-01
0015879 016935 9.956184953286414396e-01 -9.185567864654801962e-02 -1.750922479034326337e-02 3.874293111211341056e+01 9.211974956974598727e-02 9.956361572026951601e-01 1.492209141366966467e-02 1.016407275608969485e+00 1.606215803959887278e-02 -1.646958896162914118e-02 9.997357548698279084e-01 -3.342234860606898561e-01
0015880 016936 9.957107789222944261e-01 -9.121383072415351068e-02 -1.549978774599360988e-02 3.769417189779892396e+01 9.144218713661056430e-02 9.957015477725872366e-01 1.472288625291472836e-02 9.687486074560069937e-01 1.409025307112052490e-02 -1.607700474103567964e-02 9.997718812377947017e-01 -4.188135814602258478e-01
0015881 016937 9.958098470706220340e-01 -9.045310262007137669e-02 -1.346815106590930171e-02 3.656254423576729096e+01 9.064705116716430255e-02 9.957767510904992347e-01 1.456117886341106241e-02 9.154967869415031601e-01 1.209418579667862620e-02 -1.572094684637448392e-02 9.998036819089608507e-01 -5.028481319130229110e-01
0015882 016938 9.958944020471688363e-01 -8.958902333653777361e-02 -1.299134711024605045e-02 3.552012274392245672e+01 8.977233705120368779e-02 9.958600581091611170e-01 1.428802589569883562e-02 8.617230988108985912e-01 1.165752801286047691e-02 -1.539556161835640979e-02 9.998139320154140197e-01 -5.300914562719682976e-01
0015883 016939 9.959422566867447424e-01 -8.888371427128596847e-02 -1.411950999227000632e-02 3.465148772015436407e+01 8.907256977609354087e-02 9.959357743730670176e-01 1.336082514228592588e-02 8.187910166722645045e-01 1.287457903442502764e-02 -1.456420501882806258e-02 9.998114568429177229e-01 -4.987613592147557284e-01
0015884 016940 9.960129105276119832e-01 -8.776449290316236385e-02 -1.599639682301540883e-02 3.335156719537917525e+01 8.797245054098556949e-02 9.960407634858295944e-01 1.279458388049529993e-02 7.533838056716035680e-01 1.481017336112397387e-02 -1.415074741239028509e-02 9.997905956951083084e-01 -4.487700236725586933e-01
0015885 016941 9.961132593219000908e-01 -8.667744584790358642e-02 -1.568457703177127821e-02 3.223039704125949356e+01 8.688081684994269915e-02 9.961369119655690829e-01 1.278413835030334060e-02 6.941298303613621101e-01 1.451590328573547188e-02 -1.409707272975880589e-02 9.997956697698135997e-01 -4.700536831898105561e-01
0015886 016942 9.961933813782617442e-01 -8.595031552099709204e-02 -1.454391162268516002e-02 3.119775388700645635e+01 8.614519185161899351e-02 9.961932134881760215e-01 1.334801613585393648e-02 6.490573254121727587e-01 1.334130008417367709e-02 -1.455002766862299561e-02 9.998055443119926444e-01 -5.137938626282121390e-01
0015887 016943 9.962746910714976867e-01 -8.501087339373936125e-02 -1.449448330548815285e-02 3.008089150896807951e+01 8.521050060935451975e-02 9.962679816480395356e-01 1.375954387954934910e-02 5.966671254464586127e-01 1.327069963137474454e-02 -1.494330167045181991e-02 9.998006832529446886e-01 -5.253346749530773963e-01
0015888 016944 9.963361057293381728e-01 -8.414977010388051404e-02 -1.528825003161751739e-02 2.904928463926421500e+01 8.436009390637794203e-02 9.963416911784966912e-01 1.367500801590242412e-02 5.492739308216982863e-01 1.408158688357912317e-02 -1.491455610383102259e-02 9.997900204495795418e-01 -5.106661865309627402e-01
0015889 016945 9.964057989063912490e-01 -8.321570427775047685e-02 -1.584566409764299327e-02 2.793245713371425154e+01 8.343550974733711378e-02 9.964184001644426081e-01 1.375459919775881557e-02 4.984732307441390731e-01 1.464432873536993841e-02 -1.502718721842416505e-02 9.997802495193699457e-01 -5.074055438866169609e-01
0015890 016946 9.964874748479820576e-01 -8.242940273003987461e-02 -1.478171909186567351e-02 2.690131377523471201e+01 8.264177655132108613e-02 9.964756619648192926e-01 1.438165345277982350e-02 4.557377536140165830e-01 1.354416977995620032e-02 -1.555265858507093139e-02 9.997877225714439930e-01 -5.434022338477353387e-01
0015891 016947 9.965496785744861752e-01 -8.172448561239736842e-02 -1.450572994269601693e-02 2.578508072620525127e+01 8.194269652043846552e-02 9.965221715171012073e-01 1.514505501562644213e-02 4.142343279118563260e-01 1.321757441544413152e-02 -1.628137105075807417e-02 9.997804921767082798e-01 -5.594556109199109173e-01
0015892 016948 9.965865393885176005e-01 -8.107499950471244721e-02 -1.558885836463875033e-02 2.475089920462141890e+01 8.133110051302350207e-02 9.965499024834258979e-01 1.656202166081090915e-02 3.708055433173740312e-01 1.419231011840887610e-02 -1.777331026436606773e-02 9.997413002282691252e-01 -5.394962041971798072e-01
0015893 016949 9.965980184758196359e-01 -8.063653522081073999e-02 -1.705991674668532604e-02 2.363131830588190496e+01 8.090536406409752634e-02 9.965984911924625766e-01 1.570125670881407365e-02 3.361606828476624287e-01 1.573579315705156412e-02 -1.702804353119598268e-02 9.997311689789580846e-01 -5.152608133379346089e-01
0015894 016950 9.966776929606073754e-01 -7.972083086399375795e-02 -1.670685224977879260e-02 2.259872549076885662e+01 7.999956659685310278e-02 9.966547819112380191e-01 1.673697959168058899e-02 2.938473191766775017e-01 1.531667812974902079e-02 -1.801787836193870229e-02 9.997203284259933431e-01 -5.331431783508104871e-01
0015895 016951 9.967659794735663770e-01 -7.900940752364733755e-02 -1.467270637154781225e-02 2.148125521176939401e+01 7.924061023415217286e-02 9.967286238185218972e-01 1.590646724443161436e-02 2.601537022849811365e-01 1.336796684742597510e-02 -1.701763287792510196e-02 9.997662313313128157e-01 -5.850931598103645825e-01
0015896 016952 9.968198715193632431e-01 -7.861018393893308420e-02 -1.309884179022168492e-02 2.044650562580500264e+01 7.882576342628383470e-02 9.967465112253457438e-01 1.684476734617905772e-02 2.234471413275969098e-01 1.173205356285991242e-02 -1.782368804583525299e-02 9.997723013926388402e-01 -6.235700558818262351e-01
0015897 016953 9.968370284881504784e-01 -7.820638831889864528e-02 -1.417441569389329102e-02 1.932433697061196654e+01 7.841731804988039123e-02 9.968084449131434654e-01 1.499068809876401634e-02 1.894172377010363562e-01 1.295680529631910473e-02 -1.605475527290579907e-02 9.997871502181747694e-01 -6.115031148745604384e-01
0015898 016954 9.968877262805501127e-01 -7.729722115881142164e-02 -1.552650375947751613e-02 1.828779378537160483e+01 7.752669455858574032e-02 9.968814200348826704e-01 1.476398622549154535e-02 1.510627466076925884e-01 1.433686589504736507e-02 -1.592171828250873999e-02 9.997704400955566006e-01 -5.965668114097217867e-01
0015899 016955 9.969490253198269869e-01 -7.670718845538926356e-02 -1.447151649718829078e-02 1.716710075149717341e+01 7.691936213972605518e-02 9.969289343355640653e-01 1.472229561865199751e-02 1.166464912971036938e-01 1.329777021911870971e-02 -1.579048192318933258e-02 9.997868821099523684e-01 -6.268861621729291400e-01
0015900 016956 9.970248723902934707e-01 -7.612738028665265444e-02 -1.213162617576692484e-02 1.604667136405601013e+01 7.629917721526245644e-02 9.969816434441992614e-01 1.438910447481808741e-02 8.293507732901161944e-02 1.099960053363160592e-02 -1.527189096944808928e-02 9.998228632235810487e-01 -6.711448769111356683e-01
0015901 016957 9.971001476899553628e-01 -7.514968779519777542e-02 -1.202688228262976423e-02 1.501119515115760805e+01 7.531981793158772087e-02 9.970560937526494749e-01 1.437896086707943222e-02 4.635093481812191385e-02 1.091090335777239462e-02 -1.524309037272728908e-02 9.998242745704012391e-01 -6.809499997086252421e-01
0015902 016958 9.971583090609639211e-01 -7.405157057649197627e-02 -1.387777776665331461e-02 1.388801731170292442e+01 7.423787839448718617e-02 9.971505536537903502e-01 1.342718900541198419e-02 7.021610786921428371e-03 1.284392962080520284e-02 -1.441925342354040580e-02 9.998135317819675238e-01 -6.670989178411090847e-01
0015903 016959 9.972035966445205180e-01 -7.318133347068696282e-02 -1.518109984874356500e-02 1.285150712913059579e+01 7.337387252854718489e-02 9.972261119918146566e-01 1.253795578449710610e-02 -2.612622055590918535e-02 1.422144420418957125e-02 -1.361675422648715196e-02 9.998061383805049163e-01 -6.612857725946890142e-01
0015904 016960 9.972586188274518149e-01 -7.249628012858347348e-02 -1.485366741958552006e-02 1.181604821093856117e+01 7.268873790358221232e-02 9.972723215105474548e-01 1.285365326940961402e-02 -5.595350290866463183e-02 1.388130696991806204e-02 -1.389807418882975550e-02 9.998070477145928336e-01 -6.747144591144920156e-01
0015905 016961 9.973216266040653144e-01 -7.176332474990684829e-02 -1.414820606626922793e-02 1.069538711967061317e+01 7.195365282887608571e-02 9.973176984307913218e-01 1.343544131248396688e-02 -8.634726248504875912e-02 1.314609004808919325e-02 -1.441743552495042095e-02 9.998096306557604507e-01 -6.899183208129171518e-01
0015906 016962 9.973496161959461981e-01 -7.115442920563941342e-02 -1.522622490421288513e-02 9.661304551721514144e+00 7.134485774465049168e-02 9.973756938558945295e-01 1.235077017012990719e-02 -1.147754026412144412e-01 1.430745302408802967e-02 -1.340431223296047365e-02 9.998077820449920994e-01 -6.896604879851659931e-01
0015907 016963 9.973592070791275077e-01 -7.053855218561119744e-02 -1.729807523551723028e-02 8.542700720628999989e+00 7.072501941629542876e-02 9.974415534024907437e-01 1.041458364151630865e-02 -1.372482647260540034e-01 1.651920754674297484e-02 -1.161042321053929426e-02 9.997965465005337338e-01 -6.809651667688214616e-01
0015908 016964 9.973965642751801974e-01 -6.991939178692682666e-02 -1.766861542559397535e-02 7.510293013943737606e+00 7.013872243246879745e-02 9.974640273370990462e-01 1.211358132855772617e-02 -1.682817614997134115e-01 1.677683656398173961e-02 -1.332126219471534839e-02 9.997705044653821815e-01 -6.915540585943520391e-01
0015909 016965 9.974412497504084874e-01 -6.962572403277517141e-02 -1.624590966977535952e-02 6.396025123392973910e+00 6.982385066772660298e-02 9.974878826017979927e-01 1.196365109378326637e-02 -1.931797173598397421e-01 1.537212393513862942e-02 -1.306735485604250055e-02 9.997964402182372146e-01 -7.122812292900020381e-01
0015910 016966 9.974754398028415903e-01 -6.938274873126343278e-02 -1.514938010509393404e-02 5.368360241680420586e+00 6.955765376442134273e-02 9.975137695587570352e-01 1.133984537660207015e-02 -2.164745385940705091e-01 1.432492908326832119e-02 -1.236493641030955194e-02 9.998209262644702777e-01 -7.260104817488199913e-01
0015911 016967 9.974996109173552838e-01 -6.898242739685461755e-02 -1.539147660786800015e-02 4.258172744988996783e+00 6.915032946762947330e-02 9.975497406060976902e-01 1.065601667565095265e-02 -2.419789715602291835e-01 1.461868563459749540e-02 -1.169366191390890097e-02 9.998247507524066213e-01 -7.374094100565029564e-01
0015912 016968 9.975200171971321250e-01 -6.863551537378981271e-02 -1.561620509530579209e-02 3.235468019206564350e+00 6.881200405074865134e-02 9.975687212462045483e-01 1.105875974639268337e-02 -2.628203699962909923e-01 1.481921508441894943e-02 -1.210588031557958098e-02 9.998168924443332495e-01 -7.477888979159779126e-01
0015914 016969 9.975480419455052816e-01 -6.829964315295253274e-02 -1.529887072444377841e-02 2.130513240153504739e+00 6.848437513365482343e-02 9.975817105220781134e-01 1.189415926878985286e-02 -2.850026336677160543e-01 1.444950607740080190e-02 -1.291269249959339782e-02 9.998122093684354006e-01 -7.613003466600760660e-01
0015915 016970 9.975654949606201916e-01 -6.809909354816916227e-02 -1.505607814765273778e-02 1.112589894439452110e+00 6.829277691970314645e-02 9.975843650836175858e-01 1.274664984720946283e-02 -3.050035739345275942e-01 1.415167059614752011e-02 -1.374380283839480611e-02 9.998053900260632787e-01 -7.724153587026831858e-01
0015916 016971 9.975734627760352025e-01 -6.777944916321239355e-02 -1.594373210501388860e-02 1.089980415781610645e-02 6.798542793678133411e-02 9.976052838824558400e-01 1.275171658763257429e-02 -3.260937746165382123e-01 1.504124509887048121e-02 -1.380467896540466671e-02 9.997915640896877232e-01 -7.809240371332846209e-01
0015917 016972 9.975692151706914146e-01 -6.747931198221962523e-02 -1.740924634885700900e-02 -1.002799433604423029e+00 6.770734587556415107e-02 9.976227295975629294e-01 1.285847522627458529e-02 -3.467679886603605155e-01 1.650018008234103994e-02 -1.400591653212658085e-02 9.997657516635245489e-01 -7.940764941993916359e-01
0015918 016973 9.975835336840565004e-01 -6.713623926618007831e-02 -1.791036715604584981e-02 -2.097344520708475102e+00 6.738271823899612267e-02 9.976358452712201785e-01 1.353178850850332918e-02 -3.672618459374916711e-01 1.695955075014154295e-02 -1.470590212598071357e-02 9.997480132094216376e-01 -8.079373491104359095e-01
0015919 016974 9.976334684076956227e-01 -6.695114177472639982e-02 -1.568762062129343965e-02 -3.187540342334614252e+00 6.717408781658217032e-02 9.976415046771017758e-01 1.414289082895929354e-02 -3.878183283705425310e-01 1.470373632315516085e-02 -1.516318602388931104e-02 9.997769039643700228e-01 -8.118414128724653622e-01
0015920 016975 9.976776492571250987e-01 -6.675229358712651828e-02 -1.357863506000412876e-02 -4.191315638124478937e+00 6.694509727864372817e-02 9.976549098583070707e-01 1.427696739425707642e-02 -4.073470722044021386e-01 1.259377158168265877e-02 -1.515279777783093071e-02 9.998058658215173145e-01 -8.131088436291360466e-01
0015921 016976 9.976963059099192010e-01 -6.640919199015345165e-02 -1.388720898866734402e-02 -5.278603864028809767e+00 6.660266295993590158e-02 9.976822390937059026e-01 1.396590103463844247e-02 -4.276235303231032958e-01 1.292755732399635850e-02 -1.485861642836703092e-02 9.998060209348168526e-01 -8.242256961370566515e-01
0015922 016977 9.977037209805710294e-01 -6.600275742366522314e-02 -1.522438361633847610e-02 -6.280902330101980624e+00 6.621471460612356197e-02 9.977094259832839374e-01 1.386472947505085554e-02 -4.456382973255585966e-01 1.427440201805495017e-02 -1.484093404917278050e-02 9.997879614493778710e-01 -8.438988122776676093e-01
0015923 016978 9.977313584020396364e-01 -6.541090914894473474e-02 -1.593545748998943454e-02 -7.363803116221788514e+00 6.561837602705086758e-02 9.977619984211594240e-01 1.286305921489602593e-02 -4.566823545310398913e-01 1.505842664192378645e-02 -1.387947084272201856e-02 9.997906902352947656e-01 -8.555813770278737351e-01
0015924 016979 9.977728687137334962e-01 -6.522851090255539497e-02 -1.398175927579973707e-02 -8.447751003702478556e+00 6.540105525462988623e-02 9.977841469099334448e-01 1.225972688613022853e-02 -4.862791233558709791e-01 1.315109395858618697e-02 -1.314680829301176183e-02 9.998270800315132156e-01 -8.538207841667144748e-01
0015925 016980 9.977776911684899108e-01 -6.496832038368863249e-02 -1.482205054931643590e-02 -9.448729251541180929e+00 6.513899892300945016e-02 9.978121675758914177e-01 1.133767341440773679e-02 -5.064030167379200975e-01 1.405303354062264511e-02 -1.227793486312508432e-02 9.998258570510755172e-01 -8.675367124736776958e-01
0015926 016981 9.977342619768232446e-01 -6.502708311871373270e-02 -1.726770304649318313e-02 -1.044924963313519584e+01 6.518750937621566044e-02 9.978334851472282496e-01 8.895073311814568826e-03 -5.233955862486823207e-01 1.665188888453357843e-02 -1.000049446172797049e-02 9.998117450153245489e-01 -8.976454613647435465e-01
0015927 016982 9.976985427146868313e-01 -6.500625495277856380e-02 -1.930968554531398498e-02 -1.153024037851469075e+01 6.524382107175301371e-02 9.977984003240001343e-01 1.193785879531097070e-02 -5.515233644297268256e-01 1.849113611715217861e-02 -1.317018567126308597e-02 9.997422688226355048e-01 -9.389779277402412472e-01
0015928 016983 9.977183863605387781e-01 -6.506123664322180367e-02 -1.803733896546381998e-02 -1.252399970235842375e+01 6.527347382691256472e-02 9.978019283487021829e-01 1.143763607090213762e-02 -5.642374079688465827e-01 1.725356295089662539e-02 -1.258883471126040141e-02 9.997723021942052091e-01 -9.241118543833861665e-01
0015929 016984 9.978159497076226625e-01 -6.478416496138875158e-02 -1.291595613287098258e-02 -1.359899470469713378e+01 6.496843117084726005e-02 9.977836286716762482e-01 1.439647583662943472e-02 -5.809719712114542745e-01 1.195468277576217618e-02 -1.520409610067098918e-02 9.998133530607843378e-01 -8.590986486124361221e-01
0015930 016985 9.978794024854263922e-01 -6.451912823151551013e-02 -8.650787296732782503e-03 -1.459010058333433335e+01 6.466505749500436884e-02 9.977484697904643873e-01 1.780826913747666704e-02 -6.015034421319569446e-01 7.482336523130769627e-03 -1.832987226920540502e-02 9.998039857240018646e-01 -8.097075546490142273e-01
0015931 016986 9.978483164185789622e-01 -6.492868882102494077e-02 -9.129217362986403322e-03 -1.565990172550914394e+01 6.506131507187250251e-02 9.977675736764355374e-01 1.506916746187146085e-02 -6.280773635870673388e-01 8.130436141169561717e-03 -1.563063580986802717e-02 9.998451874886634672e-01 -8.154579167865847467e-01
0015932 016987 9.978000346693116640e-01 -6.497675247654910446e-02 -1.316880120756320181e-02 -1.664814944644649586e+01 6.513298743977133376e-02 9.978068590433847307e-01 1.180323355011381192e-02 -6.537445518808340239e-01 1.237300383072774575e-02 -1.263492533731489648e-02 9.998440316907274417e-01 -8.968527603713081220e-01
0015933 016988 9.977439746516033603e-01 -6.492159148726289741e-02 -1.710330885209099608e-02 -1.762947283767675799e+01 6.509293102964015809e-02 9.978325757593223821e-01 9.658234809272416357e-03 -6.756266576874168095e-01 1.643922768604909670e-02 -1.074968623190541116e-02 9.998074898205546734e-01 -9.832650782052683169e-01
0015934 016989 9.976876801381650006e-01 -6.542857534855159307e-02 -1.841186696245163817e-02 -1.868100244091942841e+01 6.557845338014180181e-02 9.978182642980659711e-01 7.656716864098384902e-03 -7.095078783769963593e-01 1.787074171958920668e-02 -8.846371621489181741e-03 9.998015799558429562e-01 -1.024874069091339379e+00
0015935 016990 9.977037291046182421e-01 -6.561331238970063984e-02 -1.680927727653727319e-02 -1.972230826504301149e+01 6.575245729106797554e-02 9.978051074726054237e-01 7.862349358224607343e-03 -7.350659587774543979e-01 1.625652475211364703e-02 -8.949483679434254782e-03 9.998282117629559984e-01 -1.004315461976779567e+00
0015936 016991 9.977525361332529874e-01 -6.556844968448558020e-02 -1.382450047671283586e-02 -2.067262209691511998e+01 6.568682086303809231e-02 9.978060173613454431e-01 8.288550353258270290e-03 -7.538469970207870574e-01 1.325071926577433244e-02 -9.177946637871081670e-03 9.998704938679202625e-01 -9.545478164551965961e-01
0015937 016992 9.978154712870730414e-01 -6.531411984021731620e-02 -9.929578432914729774e-03 -2.169342902148446228e+01 6.539489349472046853e-02 9.978271269705578650e-01 8.038842547181181478e-03 -7.704400730977454259e-01 9.382973997028993401e-03 -8.670562251150388394e-03 9.999187976171773906e-01 -8.790040226115500843e-01
0015938 016993 9.978869782109897058e-01 -6.455301834545452977e-02 -7.378809627092941005e-03 -2.262650523494289700e+01 6.461971965274988794e-02 9.978675606683643506e-01 9.188494087178068759e-03 -7.726421397863987295e-01 6.769954985260792125e-03 -9.645832112901953428e-03 9.999309706448322732e-01 -8.321600399364257328e-01
0015939 016994 9.979342431419533366e-01 -6.374225262802669933e-02 -8.028101748431989287e-03 -2.355170859794952776e+01 6.382241634011967535e-02 9.979096290078997011e-01 1.015851107335682957e-02 -7.729362263794428145e-01 7.363815101163011245e-03 -1.064983505639430401e-02 9.999165843138815291e-01 -8.572730003301636259e-01
0015940 016995 9.979148367081281945e-01 -6.330448469812102741e-02 -1.260183584500087529e-02 -2.454313899120506903e+01 6.343203650954327977e-02 9.979362018474332574e-01 9.992210206826019486e-03 -7.856323603878649919e-01 1.194329635928920684e-02 -1.077067097379652387e-02 9.998710770991818819e-01 -9.826934607274058209e-01
0015941 016996 9.978981664409641850e-01 -6.265620922956036121e-02 -1.654105609106530997e-02 -2.551972283508689543e+01 6.282477376948211734e-02 9.979757215110561797e-01 9.874711449273109592e-03 -7.926669535845576320e-01 1.588888107249411541e-02 -1.089308037847240042e-02 9.998148352837065156e-01 -1.102538442042081179e+00
0015942 016997 9.979050784389471573e-01 -6.230500861083333730e-02 -1.742724389636737467e-02 -2.640789727720994051e+01 6.245941383258742791e-02 9.980116578232869351e-01 8.459666525906383780e-03 -8.043752409623152744e-01 1.686553316782607101e-02 -9.530375999753129893e-03 9.998127557351361716e-01 -1.140282092505161327e+00
0015943 016998 9.979281045706291930e-01 -6.170451175739555955e-02 -1.822361934688483329e-02 -2.735481424689169216e+01 6.187446639628282202e-02 9.980440855277599166e-01 8.913347485195548953e-03 -8.104062723990068662e-01 1.763800377041550155e-02 -1.002239258032261958e-02 9.997946155165857718e-01 -1.175641198095765061e+00
0015944 016999 9.979365172997473055e-01 -6.092805502701102022e-02 -2.026402153354546834e-02 -2.821372549072998481e+01 6.111190334417693215e-02 9.980940438116051583e-01 8.579684495110651010e-03 -8.078389290301970505e-01 1.970267546275859122e-02 -9.800289490921262198e-03 9.997582606564138219e-01 -1.244401570381297839e+00
0015945 017000 9.979514657088149887e-01 -6.046529153166908116e-02 -2.090806098491495083e-02 -2.912587318587611662e+01 6.062483273300760950e-02 9.981355855355441564e-01 7.081928082792177982e-03 -8.153866423308500089e-01 2.044088523513647865e-02 -8.334905521603283227e-03 9.997567307316342911e-01 -1.278570866328785360e+00
0015946 017001 9.980246520534711285e-01 -5.971050809163737372e-02 -1.953913781090515708e-02 -2.995190187891239475e+01 5.983646838696232706e-02 9.981906908060657058e-01 5.925805552463637473e-03 -8.120778916578501594e-01 1.914996941716545081e-02 -7.083190970260483561e-03 9.997919424983913173e-01 -1.251993534640702510e+00
0015947 017002 9.981366188054940913e-01 -5.840269819352990333e-02 -1.769345169370483903e-02 -3.076920324027855713e+01 5.852071330462808169e-02 9.982663642199673948e-01 6.224412872089342928e-03 -7.969978841990155161e-01 1.729928287982343202e-02 -7.248262965415810770e-03 9.998241798677232062e-01 -1.218894196956866516e+00
0015948 017003 9.982134267107442005e-01 -5.678724192357467726e-02 -1.858447041906061831e-02 -3.162935264718271355e+01 5.689089908818762559e-02 9.983674246184190970e-01 5.096468904331695297e-03 -7.605356956084960984e-01 1.826473435731959180e-02 -6.144588881586772640e-03 9.998147152325208564e-01 -1.242339077404981396e+00
0015949 017004 9.982971639082290904e-01 -5.470004113451871347e-02 -2.028090934394817177e-02 -3.247959545022558814e+01 5.481999076526695297e-02 9.984812014889354881e-01 5.403980488261037572e-03 -7.207858995683977810e-01 1.995453835696302941e-02 -6.506593351271908882e-03 9.997798127107953015e-01 -1.329962663678917023e+00
0015950 017005 9.984003648170706180e-01 -5.232848491838153898e-02 -2.142145618466427884e-02 -3.324529069429922856e+01 5.243686139426473325e-02 9.986134514886688684e-01 4.527016780258584332e-03 -6.620238492956787013e-01 2.115489609966192744e-02 -5.643064558646572297e-03 9.997603810240551780e-01 -1.383811150994074035e+00
0015951 017006 9.985525634097071057e-01 -4.958619760341848037e-02 -2.084548364181494640e-02 -3.399620767741998861e+01 4.967370106762489246e-02 9.987581754560439506e-01 3.699031648616118041e-03 -5.878748760966345799e-01 2.063620778720215779e-02 -4.729166540861817064e-03 9.997759624751224594e-01 -1.377644413860308337e+00
0015952 017007 9.987389877719323739e-01 -4.652121094434531756e-02 -1.888954040130630396e-02 -3.479361921786880885e+01 4.658920070469724228e-02 9.989086466103432871e-01 3.173330132239270129e-03 -5.005084448815750875e-01 1.872132731149916615e-02 -4.049394672880844356e-03 9.998166369015488719e-01 -1.317404391670719654e+00
0015953 017008 9.988794297145484613e-01 -4.368259600766993822e-02 -1.822730684119664921e-02 -3.556774958389291896e+01 4.372689943212399594e-02 9.990416229887493227e-01 2.038651878537247990e-03 -4.122209524905429134e-01 1.812079896324337441e-02 -2.833332191889205084e-03 9.998322012189392316e-01 -1.282101601890424547e+00
0015954 017009 9.989846501109891364e-01 -4.111449987083239110e-02 -1.843547757050075300e-02 -3.627367031959192900e+01 4.117651256062847959e-02 9.991469497434445346e-01 2.995117943969365180e-03 -3.425460430032103432e-01 1.829663739607618328e-02 -3.751203315710356558e-03 9.998256621135740430e-01 -1.317317564307018074e+00
0015955 017010 9.990878641677396477e-01 -3.827480547342094336e-02 -1.894629762621509450e-02 -3.701599427207565896e+01 3.837710431120442550e-02 9.992499884222079132e-01 5.063998454851811708e-03 -2.553903958114460693e-01 1.873829529598810412e-02 -5.786499115670202219e-03 9.998077744647149157e-01 -1.347775902746576326e+00
0015956 017011 9.991933027937126566e-01 -3.562410145766716635e-02 -1.856569964872212264e-02 -3.768679578876822234e+01 3.576434480876173466e-02 9.993335240685811138e-01 7.275925061542491516e-03 -1.700433422872720257e-01 1.829415023510400085e-02 -7.934061285439837630e-03 9.998012642538007810e-01 -1.343438881466397783e+00
0015957 017012 9.992943038890567120e-01 -3.314544499608990114e-02 -1.769127149775027649e-02 -3.834894556912945518e+01 3.328499267658905497e-02 9.994162179301239179e-01 7.651215194145528052e-03 -8.977262254171591849e-02 1.742736756383351723e-02 -8.234684071910660513e-03 9.998143177761888989e-01 -1.317111382822755417e+00
0015958 017013 9.993986329495616605e-01 -3.057543677396381068e-02 -1.637261486330316915e-02 -3.906155151917710100e+01 3.066443778233712836e-02 9.995156734953692945e-01 5.211402683000413566e-03 -7.122696788826488046e-03 1.620537260009566327e-02 -5.710341833495081836e-03 9.998524745887770182e-01 -1.268884502800192493e+00
0015959 017014 9.994577234177629554e-01 -2.781641124679802221e-02 -1.762685492524716444e-02 -3.976538450002749414e+01 2.786807929360930053e-02 9.996080058802798707e-01 2.692059888696210056e-03 9.036638178531575250e-02 1.754508119222647489e-02 -3.181765854624278057e-03 9.998414214904459696e-01 -1.300482244635301932e+00
0015960 017015 9.995018048854792392e-01 -2.505530937325954610e-02 -1.920722055831009661e-02 -4.041418994023069899e+01 2.513262935873518053e-02 9.996771174741836408e-01 3.794526158837814751e-03 1.869835797799055399e-01 1.910595931585884824e-02 -4.275304153497332636e-03 9.998087345443732454e-01 -1.374165477230888666e+00
0015961 017016 9.995549932027412154e-01 -2.250421223143253199e-02 -1.959310432552050299e-02 -4.111270827567773267e+01 2.260892418515331528e-02 9.997313555572665544e-01 5.139064026214408727e-03 2.771266282712758766e-01 1.947220385934503653e-02 -5.579695657133339898e-03 9.997952398863714230e-01 -1.399054968488452122e+00
0015962 017017 9.996327139577814158e-01 -2.067466310694041076e-02 -1.753141443460060414e-02 -4.175841981744770237e+01 2.077889099173621176e-02 9.997667960576381851e-01 5.783201069379973087e-03 3.327680777077262064e-01 1.740779240344137932e-02 -6.145375380169193665e-03 9.998296836072438909e-01 -1.343633442374097875e+00
0015963 017018 9.996691936709132253e-01 -1.973852852036374339e-02 -1.648968214704149213e-02 -4.244658868040096422e+01 1.977877550764609027e-02 9.998017082019912127e-01 2.280946649386533538e-03 3.621444128653479311e-01 1.644141206468746272e-02 -2.606276362714781206e-03 9.998618449340158643e-01 -1.275506699203538652e+00
0015964 017019 9.996812426555903297e-01 -1.989360492067503497e-02 -1.556169847266588267e-02 -4.313661255621354940e+01 1.989394386275956592e-02 9.998022625921942907e-01 -1.333202744133486295e-04 3.390648862392140472e-01 1.556128937281146471e-02 -1.762482964140245074e-04 9.998793112988128007e-01 -1.237340060467641223e+00
0015965 017020 9.996677275996931344e-01 -2.143102709424125896e-02 -1.433778863056215519e-02 -4.377120945392380236e+01 2.141730481925779514e-02 9.997701411431040297e-01 -1.110271831583954172e-03 2.588269162037590831e-01 1.435830461593054844e-02 8.028836162851192950e-04 9.998970029414100402e-01 -1.187038249379689603e+00
0015966 017021 9.996240433532562752e-01 -2.427270688798210257e-02 -1.276301066230595312e-02 -4.440288259856174591e+01 2.425891355102730018e-02 9.997050110667037304e-01 -1.234841460292485094e-03 1.212460228030636245e-01 1.278923825369002523e-02 9.248187518564051452e-04 9.999181976927028481e-01 -1.122733076837594268e+00
0015967 017022 9.995339323966240253e-01 -2.834977668110130744e-02 -1.133528891496070161e-02 -4.508443921338948712e+01 2.834342077305696678e-02 9.995980456258246605e-01 -7.214739625846389864e-04 -7.349293010850033170e-02 1.135120639832724876e-02 3.999154316473079937e-04 9.999359039716194664e-01 -1.062946932490866914e+00
0015968 017023 9.994332241207581902e-01 -3.256275783096784088e-02 -8.564760077340596855e-03 -4.571092374540421588e+01 3.256295436088029599e-02 9.994698296529789250e-01 -1.172212321399179329e-04 -2.767521922807532064e-01 8.564055681266028938e-03 -1.616810364105568604e-04 9.999637255996320917e-01 -9.380392819303153829e-01
0015969 017024 9.992938670540217894e-01 -3.705498066652986727e-02 -6.255370602000044113e-03 -4.638989141695788021e+01 3.705755938373685859e-02 9.993132272997757859e-01 2.957836591970153164e-04 -4.965736455768592350e-01 6.240134801286492498e-03 -5.273251194681129574e-04 9.999808019236010592e-01 -8.344607455229748894e-01
0015970 017025 9.991428717995273212e-01 -4.100845784088182761e-02 -5.655545430374032088e-03 -4.702058564419394315e+01 4.100665421371560426e-02 9.991587781932965706e-01 -4.357302932796743673e-04 -6.942433834880716859e-01 5.668679430825825788e-03 2.035009188195337356e-04 9.999843230209634060e-01 -8.084844930741965641e-01
0015971 017026 9.989781463625045932e-01 -4.476754988699019333e-02 -6.227618534434433209e-03 -4.765516142288629453e+01 4.475892659058235828e-02 9.989967112892278456e-01 -1.518404483476457328e-03 -8.864528889545795209e-01 6.289367652487378932e-03 1.238169636954962851e-03 9.999798660798909777e-01 -8.408620845121568266e-01
0015972 017027 9.987977892106062461e-01 -4.850680015998621447e-02 -7.084460344569254962e-03 -4.834771103235971168e+01 4.848999156292767287e-02 9.988204559146178774e-01 -2.526494963937096164e-03 -1.081158938230998956e+00 7.198678852147433367e-03 2.179990673710509828e-03 9.999721239024438324e-01 -8.883300888129710415e-01
0015973 017028 9.986171118136403235e-01 -5.191524779959869051e-02 -8.292066812856425245e-03 -4.904362005980760841e+01 5.189702136582702990e-02 9.986495244025681561e-01 -2.399326858806387353e-03 -1.261667252907216152e+00 8.405453015582107015e-03 1.965734142190104540e-03 9.999631524158463236e-01 -9.548807847014906258e-01
0015974 017029 9.984804129938970041e-01 -5.434463359695501650e-02 -9.139409658580142926e-03 -4.969269161528268341e+01 5.432747495179365838e-02 9.985208524511787198e-01 -2.116331182237401326e-03 -1.394384697270595552e+00 9.240925777853842629e-03 1.616653681550451289e-03 9.999564058758506624e-01 -1.000461868524407549e+00
0015975 017030 9.983655194268246102e-01 -5.636335134232294680e-02 -9.474420368378961774e-03 -5.040351053030144612e+01 5.634302856544024657e-02 9.984086595148402576e-01 -2.399424038313729621e-03 -1.510155252245112933e+00 9.594603397956766658e-03 1.861742434121107983e-03 9.999526486174913353e-01 -1.018780549826505677e+00
0015976 017031 9.982713577689544815e-01 -5.810589467429761595e-02 -8.855216558524059423e-03 -5.106538306036509312e+01 5.807690057045515608e-02 9.983061124012568843e-01 -3.498028263049130469e-03 -1.613695321012073691e+00 9.043492550713303282e-03 2.977754410560807998e-03 9.999550841438527016e-01 -9.926737201342668016e-01
0015977 017032 9.981893197894693426e-01 -5.960584884132036354e-02 -8.093665530349226228e-03 -5.179012218634147757e+01 5.957678954182123177e-02 9.982166073534014528e-01 -3.786395835944404535e-03 -1.705918102143982651e+00 8.304943764304583559e-03 3.297402430660424048e-03 9.999604877878250919e-01 -9.560325727082705782e-01
0015978 017033 9.981286853075335141e-01 -6.076317401513461197e-02 -6.874134665498831884e-03 -5.246634973701088711e+01 6.074435077223933055e-02 9.981491638075777884e-01 -2.916041939606750337e-03 -1.780264831563613370e+00 7.038621167527516279e-03 2.493077756586417008e-03 9.999725317851991813e-01 -8.939526421556145408e-01
0015979 017034 9.980556689777461132e-01 -6.198302604631768242e-02 -6.574895658847924873e-03 -5.320720563398754166e+01 6.196842743369500306e-02 9.980752613418086838e-01 -2.402737366578800143e-03 -1.859776377699404293e+00 6.711191550788735832e-03 1.990687672240910172e-03 9.999759091843255510e-01 -8.780625454182420242e-01
0015980 017035 9.979800177402752270e-01 -6.300164372523918421e-02 -8.177934116904582787e-03 -5.389888107771866999e+01 6.298510512417664076e-02 9.980119179714371791e-01 -2.265627629242371408e-03 -1.928792662196997298e+00 8.304435783764729101e-03 1.746021391000479985e-03 9.999644042006375910e-01 -9.676098689330636660e-01
0015981 017036 9.978858458961887834e-01 -6.393762038830791417e-02 -1.166213936612797014e-02 -5.465715063095649384e+01 6.392375467425576163e-02 9.979535826964004430e-01 -1.558931237638646120e-03 -1.994369134493013007e+00 1.173796914036305539e-02 8.102066160847919618e-04 9.999311904203238566e-01 -1.161090203391484721e+00
0015982 017037 9.977958871090515380e-01 -6.482843531821844141e-02 -1.417947095769202075e-02 -5.536365855771532551e+01 6.481934690183020764e-02 9.978965379358727406e-01 -1.100644878792215228e-03 -2.057281856441818491e+00 1.422101559337852345e-02 1.791727704857620361e-04 9.998992712069122435e-01 -1.305084054621675094e+00
0015983 017038 9.977336367632912983e-01 -6.561894495435245667e-02 -1.490230645772844600e-02 -5.613576847852664287e+01 6.562133187374623311e-02 9.978446324953813562e-01 -3.298243847881362416e-04 -2.117141277465805160e+00 1.489184752266354585e-02 -6.487735166181592258e-04 9.998893107934694324e-01 -1.348636963196486960e+00
0015984 017039 9.976810858169516960e-01 -6.641255269274191908e-02 -1.491364150388854552e-02 -5.685540172927062486e+01 6.642436869432796764e-02 9.977916374783214470e-01 2.972592131874569128e-04 -2.176175053871133969e+00 1.486097994593307652e-02 -1.287141439652642961e-03 9.998891520299436619e-01 -1.352774501270873841e+00
0015985 017040 9.976208348868248477e-01 -6.724408636500867065e-02 -1.521252242804018058e-02 -5.758265057715311741e+01 6.726007015090527952e-02 9.977355126939719820e-01 5.404017376313800542e-04 -2.238478994011131817e+00 1.514175078776304473e-02 -1.562253115960259833e-03 9.998845475986231079e-01 -1.370635323311594433e+00
0015986 017041 9.975414520975489641e-01 -6.815651644592668479e-02 -1.630148440573912436e-02 -5.837861972136215627e+01 6.817823256065405624e-02 9.976727739376393123e-01 7.789926107288798474e-04 -2.307491569253272701e+00 1.621047623438454446e-02 -1.888422483967366677e-03 9.998672292171690845e-01 -1.436344803050227270e+00
0015987 017042 9.974645864972567777e-01 -6.907313885928680064e-02 -1.713543860290094034e-02 -5.918249404540620162e+01 6.910076149052835071e-02 9.976092439513526422e-01 1.024018159756608136e-03 -2.377126783371920737e+00 1.702375748265413935e-02 -2.205434067905668542e-03 9.998530639500287087e-01 -1.491114478344758965e+00
0015988 017043 9.974203890474742096e-01 -6.983473541084375680e-02 -1.661799157329758164e-02 -5.993230775194911075e+01 6.986494401492769624e-02 9.975558476787559359e-01 1.243059486043991647e-03 -2.437243824610789034e+00 1.649058156880022982e-02 -2.400809055623162169e-03 9.998615496932828917e-01 -1.463448684746301964e+00
0015989 017044 9.973841779971731603e-01 -7.063561901700711465e-02 -1.534359583296968609e-02 -6.069062689626161955e+01 7.066961671980519222e-02 9.974982856802042663e-01 1.683744616761693406e-03 -2.500671291674791519e+00 1.518630070830058638e-02 -2.763604823474869257e-03 9.998812731343826865e-01 -1.385693089938946798e+00
0015990 017045 9.973348002899293796e-01 -7.143580366002665050e-02 -1.484989389487235620e-02 -6.152010706432997722e+01 7.146840437430668214e-02 9.974415285839105527e-01 1.675125693115785651e-03 -2.566121330953308188e+00 1.469225573842650005e-02 -2.731899334181693041e-03 9.998887417901328734e-01 -1.358441024829847521e+00
0015991 017046 9.972735661998890500e-01 -7.210562050169753989e-02 -1.571814027954370613e-02 -6.229454274644740508e+01 7.215248453958883479e-02 9.973909956600596205e-01 2.433891339880039136e-03 -2.630955567051557864e+00 1.550163589845669938e-02 -3.561322374263944067e-03 9.998734903367406668e-01 -1.433430179199049803e+00
0015992 017047 9.971910676426636311e-01 -7.284245739172931500e-02 -1.744467950827762945e-02 -6.313934585458378024e+01 7.287914591296817957e-02 9.973397935564156658e-01 1.475388378229143755e-03 -2.686810338377142671e+00 1.729081909811225684e-02 -2.742537787895128667e-03 9.998471521969317655e-01 -1.532571306168575731e+00
0015993 017048 9.971190001408980486e-01 -7.358441770679104155e-02 -1.842275024737206543e-02 -6.399291045532868338e+01 7.361083826678463393e-02 9.972868584880790754e-01 7.587578837239934921e-04 -2.751251694867960396e+00 1.831695057163176821e-02 -2.112626663365224124e-03 9.998304095850351070e-01 -1.600004190404103355e+00
0015994 017049 9.970508033157446937e-01 -7.431697004435530718e-02 -1.917655639288339334e-02 -6.478818445212777988e+01 7.437119729478039454e-02 9.972288134873616983e-01 2.128914287986703041e-03 -2.822753366286576693e+00 1.896519884886847113e-02 -3.548784182646369089e-03 9.998138366212200312e-01 -1.669310396874384761e+00
0015995 017050 9.969924622807665449e-01 -7.512389181853142139e-02 -1.906258687507138977e-02 -6.565762298323011237e+01 7.518525193169312004e-02 9.971668006664510253e-01 2.521460956642420769e-03 -2.891687401606930052e+00 1.881915713733938247e-02 -3.947067407486765100e-03 9.998151031461013361e-01 -1.664282800575547672e+00
0015996 017051 9.969631467618476073e-01 -7.577497519888444499e-02 -1.799592634373168090e-02 -6.646773354713036497e+01 7.584197272455489580e-02 9.971156661451253678e-01 3.068680269585995733e-03 -2.949837598890383106e+00 1.771148720924873785e-02 -4.424173243399831534e-03 9.998333412937712161e-01 -1.598071658436938769e+00
0015997 017052 9.969533087438466890e-01 -7.642475638665444104e-02 -1.562752046959454272e-02 -6.735365522180541120e+01 7.648657303149819509e-02 9.970651903898140045e-01 3.395577023717293204e-03 -3.009991592326457521e+00 1.532215185503181878e-02 -4.580491268651828984e-03 9.998721073732207421e-01 -1.440150442654863028e+00
